2589.48 -258.286 -581.73
2589.52 -257.726 -581.805
2589.55 -257.149 -581.846
2589.58 -256.6 -581.946
2589.62 -256.064 -582.047
2589.67 -255.531 -582.198
2589.71 -255.011 -582.371
2589.76 -254.484 -582.535
2589.81 -253.962 -582.704
2589.85 -253.44 -582.871
2589.9 -252.918 -583.048
2589.95 -252.383 -583.209
2590 -251.86 -583.383
2590.04 -251.341 -583.56
2590.09 -250.823 -583.749
2590.14 -250.315 -583.923
2590.19 -249.794 -584.104
2590.24 -249.278 -584.29
2590.3 -248.769 -584.511
2590.35 -248.252 -584.693
2590.39 -247.728 -584.869
2590.44 -247.206 -585.05
2590.49 -246.684 -585.229
2590.54 -246.162 -585.4
2590.58 -245.627 -585.539
2590.62 -245.096 -585.677
2590.67 -244.564 -585.826
2590.71 -244.028 -585.962
2590.76 -243.497 -586.112
2590.8 -242.961 -586.232
2590.84 -242.434 -586.398
2590.89 -241.91 -586.564
2590.94 -241.393 -586.772
2590.99 -240.874 -586.957
2591.04 -240.343 -587.158
2591.09 -239.829 -587.339
2591.14 -239.307 -587.518
2591.19 -238.772 -587.66
2591.23 -238.245 -587.824
2591.28 -237.717 -587.982
2591.32 -237.187 -588.134
2591.38 -236.671 -588.345
2591.45 -236.185 -588.701
2591.47 -235.617 -588.685
2591.49 -235.053 -588.686
2591.51 -234.491 -588.689
2591.53 -233.904 -588.616
2591.56 -233.364 -588.669
2591.57 -232.799 -588.645
2591.59 -232.234 -588.612
2591.6 -231.661 -588.553
2591.63 -231.099 -588.57
2591.74 -230.656 -589.196
2591.76 -230.103 -589.161
2591.77 -229.527 -589.114
2591.79 -228.978 -589.077
2591.81 -228.41 -589.065
2591.82 -227.86 -589.03
2591.84 -227.301 -589
2591.85 -226.742 -588.94
2591.87 -226.176 -588.922
2591.88 -225.63 -588.863
2591.9 -225.066 -588.853
2591.92 -224.51 -588.81
2591.94 -223.968 -588.789
2591.94 -223.401 -588.703
2591.97 -222.867 -588.729
2589.78 -219.521 -574.272
2589.78 -219.037 -574.165
2589.8 -218.556 -574.165
2589.82 -218.067 -574.177
2589.84 -217.581 -574.188
2589.86 -217.092 -574.196
2589.88 -216.604 -574.201
2589.9 -216.114 -574.189
2589.92 -215.628 -574.225
2589.94 -215.139 -574.211
2589.96 -214.652 -574.225
2589.98 -214.165 -574.228
2590 -213.678 -574.244
2590.02 -213.189 -574.254
2590.04 -212.701 -574.236
2590.06 -212.215 -574.252
2590.08 -211.729 -574.267
2590.1 -211.24 -574.266
2590.12 -210.754 -574.267
2590.14 -210.269 -574.295
2590.15 -209.782 -574.258
2590.17 -209.294 -574.276
2590.19 -208.808 -574.266
2590.21 -208.323 -574.27
2590.23 -207.837 -574.269
2590.25 -207.349 -574.283
2590.27 -206.864 -574.262
2590.29 -206.376 -574.281
2590.3 -205.891 -574.268
2590.32 -205.407 -574.278
2590.34 -204.922 -574.293
2590.36 -204.434 -574.262
2590.38 -203.949 -574.297
2590.4 -203.461 -574.278
2590.42 -202.977 -574.289
2590.44 -202.492 -574.294
2590.46 -202.006 -574.323
2590.48 -201.518 -574.331
2590.5 -201.034 -574.311
2590.52 -200.545 -574.316
2590.54 -200.059 -574.34
2590.56 -199.574 -574.334
2590.58 -199.086 -574.331
2590.6 -198.598 -574.365
2590.62 -198.109 -574.373
2590.64 -197.623 -574.381
2590.66 -197.133 -574.379
2590.68 -196.646 -574.398
2590.7 -196.156 -574.406
2590.72 -195.67 -574.392
2590.74 -195.177 -574.419
2590.76 -194.685 -574.447
2590.78 -194.197 -574.445
2590.8 -193.696 -574.454
2590.82 -193.216 -574.462
2590.84 -192.715 -574.459
2590.86 -192.224 -574.481
2590.88 -191.741 -574.487
2590.9 -191.246 -574.501
2590.92 -190.749 -574.477
2590.94 -190.251 -574.519
2590.97 -189.757 -574.55
2590.99 -189.263 -574.545
2591.01 -188.771 -574.547
2591.03 -188.273 -574.564
2591.05 -187.778 -574.58
2591.07 -187.281 -574.584
2591.09 -186.787 -574.592
2591.11 -186.286 -574.615
2591.13 -185.794 -574.595
2591.15 -185.294 -574.606
2591.17 -184.797 -574.616
2591.19 -184.3 -574.6
2591.22 -183.789 -574.666
2591.24 -183.28 -574.677
2591.3 -182.669 -574.907
2593.45 -177.426 -587.053
2593.47 -176.866 -587.06
2593.49 -176.311 -587.077
2593.51 -175.755 -587.078
2593.54 -175.196 -587.089
2593.55 -174.646 -587.07
2593.58 -174.083 -587.104
2593.6 -173.528 -587.101
2593.63 -172.967 -587.107
2593.63 -172.434 -586.994
2593.64 -171.891 -586.915
2593.63 -171.366 -586.772
2593.61 -170.846 -586.501
2593.58 -170.355 -586.172
2591.77 -171.457 -575.185
2591.74 -171.049 -574.875
2591.74 -170.565 -574.788
2591.76 -170.06 -574.751
2591.78 -169.536 -574.781
2591.47 -168.543 -572.584
2591.49 -168.023 -572.603
2591.52 -167.492 -572.635
2591.54 -167.016 -572.644
2591.55 -166.477 -572.625
2591.58 -165.927 -572.674
2591.6 -165.452 -572.659
2591.63 -164.922 -572.7
2591.65 -164.387 -572.706
2591.67 -163.88 -572.697
2591.69 -163.351 -572.71
2591.71 -162.826 -572.717
2591.73 -162.275 -572.737
2591.75 -161.767 -572.739
2591.77 -161.227 -572.739
2591.79 -160.689 -572.726
