2534.95 -195.449 -574.292
2534.64 -194.938 -574.284
2534.33 -194.425 -574.288
2534.03 -193.918 -574.282
2533.71 -193.403 -574.277
2533.41 -192.902 -574.254
2533.09 -192.383 -574.254
2532.8 -191.896 -574.259
2532.5 -191.397 -574.262
2532.19 -190.896 -574.254
2531.88 -190.385 -574.262
2531.6 -189.911 -574.285
2531.3 -189.417 -574.294
2531 -188.927 -574.302
2530.71 -188.436 -574.302
2530.41 -187.947 -574.303
2530.12 -187.465 -574.331
2529.82 -186.98 -574.333
2529.53 -186.492 -574.335
2529.24 -186.017 -574.365
2528.95 -185.533 -574.356
2528.66 -185.055 -574.369
2528.37 -184.57 -574.359
2528.08 -184.097 -574.379
2527.8 -183.626 -574.397
2527.51 -183.149 -574.393
2527.22 -182.679 -574.418
2526.93 -182.202 -574.406
2526.65 -181.737 -574.44
2526.38 -181.276 -574.444
2526.09 -180.796 -574.45
2525.81 -180.342 -574.469
2525.52 -179.864 -574.477
2525.25 -179.412 -574.494
2524.96 -178.936 -574.498
2524.68 -178.479 -574.492
2524.42 -178.033 -574.559
2524.17 -177.611 -574.763
2525.08 -178.096 -585.161
2524.86 -177.698 -585.549
2524.63 -177.282 -585.901
2524.4 -176.873 -586.264
2524.15 -176.434 -586.528
2523.88 -175.968 -586.675
2523.6 -175.495 -586.774
2523.3 -175.007 -586.81
2523.01 -174.521 -586.836
2522.72 -174.031 -586.842
2522.42 -173.546 -586.868
2522.12 -173.047 -586.813
2521.83 -172.57 -586.871
2518.92 -168.961 -574.554
2518.66 -168.529 -574.536
2518.39 -168.092 -574.552
2518.12 -167.648 -574.532
2517.86 -167.21 -574.552
2517.59 -166.765 -574.518
2517.32 -166.329 -574.516
2517.06 -165.894 -574.539
2516.8 -165.46 -574.546
2516.53 -165.021 -574.536
2516.27 -164.585 -574.52
2516.01 -164.152 -574.537
2515.75 -163.72 -574.558
2515.48 -163.284 -574.529
2515.22 -162.848 -574.513
2514.96 -162.421 -574.533
2514.69 -161.983 -574.492
2514.43 -161.555 -574.497
2514.17 -161.126 -574.522
2513.91 -160.695 -574.5
2513.65 -160.269 -574.51
2513.39 -159.841 -574.526
2513.13 -159.413 -574.51
2512.87 -158.984 -574.51
2512.61 -158.555 -574.498
2512.36 -158.13 -574.494
2512.1 -157.713 -574.49
2511.84 -157.279 -574.497
2511.58 -156.854 -574.488
2511.32 -156.428 -574.488
2511.07 -156.004 -574.498
2510.82 -155.59 -574.512
2510.56 -155.159 -574.535
2510.3 -154.737 -574.534
2510.05 -154.322 -574.535
2509.79 -153.898 -574.532
2509.54 -153.479 -574.573
2509.28 -153.048 -574.565
2509.03 -152.633 -574.57
2508.77 -152.211 -574.578
2508.52 -151.788 -574.544
2508.26 -151.367 -574.582
2508.01 -150.946 -574.6
2507.75 -150.525 -574.608
2507.5 -150.104 -574.627
2507.24 -149.681 -574.628
2506.99 -149.263 -574.624
2506.74 -148.84 -574.653
2506.48 -148.419 -574.654
2506.23 -147.999 -574.674
2505.97 -147.579 -574.669
2505.72 -147.159 -574.666
2505.47 -146.74 -574.68
2505.21 -146.32 -574.692
2504.96 -145.9 -574.706
2504.7 -145.478 -574.679
2504.45 -145.059 -574.703
2504.2 -144.639 -574.712
2503.94 -144.22 -574.703
2503.69 -143.792 -574.768
2503.43 -142.205 -586.729
2503.16 -141.748 -586.919
2502.89 -141.287 -587.014
2502.61 -140.826 -587.097
2502.34 -140.378 -587.046
2502.06 -139.917 -587.058
2501.78 -139.459 -587.052
2501.5 -138.998 -587.091
2501.23 -138.54 -587.09
2500.95 -138.079 -587.077
2500.67 -137.62 -587.091
2500.39 -137.161 -587.095
2500.11 -136.698 -587.024
2499.83 -136.246 -586.886
2499.54 -135.794 -586.666
2498.59 -135.35 -575.056
2498.34 -134.966 -574.836
2498.09 -134.558 -574.782
2497.84 -134.141 -574.743
2497.57 -133.706 -574.781
2497.32 -133.285 -574.786
2497.06 -132.863 -574.793
2496.81 -132.45 -574.784
2496.56 -132.027 -574.774
2496.3 -131.596 -574.781
2496.05 -131.184 -574.757
2495.78 -130.754 -574.754
2495.53 -130.33 -574.742
2495.27 -129.91 -574.742
2495.02 -129.486 -574.744
2494.76 -129.061 -574.754
2494.5 -128.641 -574.728
2494.25 -128.221 -574.718
2493.99 -127.795 -574.727
2493.73 -127.371 -574.717
2493.48 -126.95 -574.709
2493.22 -126.528 -574.701
2492.96 -126.1 -574.714
2492.71 -125.681 -574.681
2492.45 -125.253 -574.702
2492.19 -124.832 -574.679
2491.93 -124.405 -574.676
2491.68 -123.979 -574.679
2491.42 -123.552 -574.688
2491.16 -123.131 -574.652
2490.9 -122.699 -574.666
2490.64 -122.274 -574.654
2490.38 -121.846 -574.654
2490.12 -121.415 -574.668
2489.86 -120.984 -574.675
2489.6 -120.554 -574.676
2489.34 -120.12 -574.682
2489.08 -119.687 -574.693
2488.81 -119.256 -574.69
2488.55 -118.818 -574.718
2488.29 -118.388 -574.705
2488.02 -117.945 -574.745
2487.76 -117.511 -574.732
2487.5 -117.078 -574.722
2487.23 -116.647 -574.703
2486.97 -116.202 -574.743
2486.7 -115.769 -574.724
2486.44 -115.33 -574.729
2486.17 -114.881 -574.76
2485.9 -114.447 -574.751
2485.64 -114.002 -574.76
2485.37 -113.563 -574.751
2485.1 -113.112 -574.753
