1   2286.542190   -23.796892   52.287136
2   2153.737950   159.335274   81.135763
3   1954.453189   433.481556   -3.177771
4   1722.388132   751.588074   -72.142297
5   1573.772224   452.707568   -68.724829
6   1668.048819   289.472800   29.718027
7   1735.684963   -100.632699   39.532998
8   1920.188805   -498.343849   46.174742
9   1880.638149   -672.307729   -519.080449
10   2484.575935   58.601960   357.533126
11   2515.076473   305.560495   303.969960
12   2626.569092   376.752160   98.138798
13   2782.628770   334.394367   -20.319507
