1   2781.357392   336.801618   -20.988476
2   2494.482330   973.222287   8.754195
3   1986.174948   835.294299   10.589393
4   2057.454654   847.959418   42.511670
5   1963.891605   636.773519   59.252162
6   2166.136698   546.162164   328.562788
7   1845.300049   404.340090   168.081468
8   1883.088727   453.820874   174.276406
9   1853.436281   212.661826   151.633783
10   1983.839818   82.981730   166.509313
11   2061.447579   -81.196244   202.946842
12   2202.006997   -295.029962   -48.776323
13   2210.293170   -182.250536   -150.792794
14   2661.394026   -318.532309   67.615616
15   2624.146404   -335.322077   -147.235538
16   2526.701995   -338.827822   -342.412590
