1 5907.163 4051.540 -486.851   1.530    0.110  -2.439
2 5739.369 4115.082 -425.246   1.748   -0.024  -2.671
3 5709.607 4276.248 -191.267   1.589    0.058  -2.664
4 5683.870 4401.022 -292.339   1.603    0.045  -2.037
5 5712.613 4456.521 -546.377   1.470   -0.166  -3.069
6 6148.232 4113.892 -616.878   1.237    0.090  -2.486
7 6306.786 3831.458 -709.650   1.416    0.110  -2.827
8 6277.684 4114.602 -457.604   1.044   -0.102  -2.690
9 6075.019 4073.184 -570.396   1.899    0.090  -2.305
10 6202.149 4132.323 -595.516   1.541   -0.014  -2.511
11 6206.352 4260.005 -593.194   1.652   -0.004  -2.496
12 6461.086 4195.413 -593.669   1.519   -0.050  -2.586
13 6534.514 4300.744 -598.586   1.845   -0.004  -2.450
14 6492.667 3962.069 -307.354   1.710    0.488  -2.539
15 6063.752 4095.542 -167.686   1.944    0.047  -3.072
16 6043.801 4628.293   60.605  -2.025    1.006   0.283
17 6435.172 4333.089  114.465  -2.829    1.335  -0.646
18 6529.238 4018.610 -136.871   2.624    1.369  -1.494
19 6399.002 4277.385 -559.640   1.476   -0.034  -2.773
20 6268.721 4602.093 -548.430   1.520    0.005  -2.505
21 6284.875 4097.944 -462.643   1.889    1.492  -2.445
22 5959.649 4421.317  693.759  -1.760   -0.042   0.725
23 6098.900 4027.725  -66.333   2.447    0.923  -2.187
24 5997.229 4177.370 -458.957   1.771    1.047  -2.645
