Stand: 10
  11                      0.0000      23.778      -0.019
  223                    92.9000         ---         ---
  254                   346.9069         ---         ---
  33                    172.2053      23.898       1.104
Stand: 11
  10                      0.0000      23.779       0.019
  21                    136.1269      13.040       1.106
  263                   103.2949         ---         ---
Stand: 21
  11                      0.0000      13.038      -1.106
  22                    262.2336      20.994      -1.100
  223                   359.4088         ---         ---
  240                   125.0894         ---         ---
  254                   210.0534         ---       1.862
  31                     66.5488      25.208      -0.001
Stand: 22     
  254                    85.2328         ---         ---  
  21                    338.1467      20.996       1.099  
Stand: 31
  035                     0.0000         ---         ---
  21                     87.1908      25.210      -0.002
  32                    285.7004      27.370      -1.036
Stand: 32
  035                     0.0000         ---         ---
  182                   241.8323         ---         ---
  237                   335.1846         ---         ---
  254                    32.3688         ---         ---
  31                     85.5184      27.370       1.034
  33                    184.0214      22.674       1.049
Stand: 33
  10                      0.0000      23.897      -1.104
  237                   279.4471         ---         ---
  32                    327.4841      22.673      -1.050
  