Stand: 10
  11                      0.0000      23.778      -0.019
  223                    92.9000         ---         ---
  254                   346.9069         ---         ---
  33                    172.2053      23.898       1.104
Stand: 11
  10                      0.0000      23.779       0.019
  1247                  284.4015         ---         ---
  21                    136.1269      13.040       1.106
  263                   103.2949         ---         ---
Stand: 21
  11                      0.0000      13.038      -1.106
  22                    262.2336      20.994      -1.100
  223                   359.4088         ---         ---
  240                   125.0894         ---         ---
  254                   210.0534         ---       1.862
  31                     66.5488      25.208      -0.001
Stand: 22
  21                      0.0000      20.995       1.099
  240                    61.8533         ---         ---
  254                   147.0860         ---       3.125
Stand: 31
  035                     0.0000         ---         ---
  21                     87.1908      25.210      -0.002
  32                    285.7004      27.370      -1.036
  22                     85.2246      46.180      -1.101
  10                    212.1842      13.295      -1.092
Stand: 32
  035                     0.0000         ---         ---
  182                   241.8323         ---         ---
  237                   335.1846         ---         ---
  254                    32.3688         ---         ---
  31                     85.5192      27.370       1.034
  33                    184.0207      22.674       1.049
Stand: 33
  10                      0.0000      23.897      -1.104
  237                   279.4471         ---         ---
  32                    327.4841      22.673      -1.050