Scanline_0:
258.286 2589.48 -581.73
257.726 2589.52 -581.805
257.149 2589.55 -581.846
256.6 2589.58 -581.946
256.064 2589.62 -582.047
255.531 2589.67 -582.198
255.011 2589.71 -582.371
254.484 2589.76 -582.535
253.962 2589.81 -582.704
253.44 2589.85 -582.871
252.918 2589.9 -583.048
252.383 2589.95 -583.209
251.86 2590 -583.383
251.341 2590.04 -583.56
250.823 2590.09 -583.749
250.315 2590.14 -583.923
249.794 2590.19 -584.104
249.278 2590.24 -584.29
248.769 2590.3 -584.511
248.252 2590.35 -584.693
247.728 2590.39 -584.869
247.206 2590.44 -585.05
246.684 2590.49 -585.229
246.162 2590.54 -585.4
245.627 2590.58 -585.539
245.096 2590.62 -585.677
244.564 2590.67 -585.826
244.028 2590.71 -585.962
243.497 2590.76 -586.112
242.961 2590.8 -586.232
242.434 2590.84 -586.398
241.91 2590.89 -586.564
241.393 2590.94 -586.772
240.874 2590.99 -586.957
240.343 2591.04 -587.158
239.829 2591.09 -587.339
239.307 2591.14 -587.518
238.772 2591.19 -587.66
238.245 2591.23 -587.824
237.717 2591.28 -587.982
237.187 2591.32 -588.134
236.671 2591.38 -588.345
236.185 2591.45 -588.701
235.617 2591.47 -588.685
235.053 2591.49 -588.686
234.491 2591.51 -588.689
233.904 2591.53 -588.616
233.364 2591.56 -588.669
232.799 2591.57 -588.645
232.234 2591.59 -588.612
231.661 2591.6 -588.553
231.099 2591.63 -588.57
230.656 2591.74 -589.196
230.103 2591.76 -589.161
229.527 2591.77 -589.114
228.978 2591.79 -589.077
228.41 2591.81 -589.065
227.86 2591.82 -589.03
227.301 2591.84 -589
226.742 2591.85 -588.94
226.176 2591.87 -588.922
225.63 2591.88 -588.863
225.066 2591.9 -588.853
224.51 2591.92 -588.81
223.968 2591.94 -588.789
223.401 2591.94 -588.703
222.867 2591.97 -588.729
219.521 2589.78 -574.272
219.037 2589.78 -574.165
218.556 2589.8 -574.165
218.067 2589.82 -574.177
217.581 2589.84 -574.188
217.092 2589.86 -574.196
216.604 2589.88 -574.201
216.114 2589.9 -574.189
215.628 2589.92 -574.225
215.139 2589.94 -574.211
214.652 2589.96 -574.225
214.165 2589.98 -574.228
213.678 2590 -574.244
213.189 2590.02 -574.254
212.701 2590.04 -574.236
212.215 2590.06 -574.252
211.729 2590.08 -574.267
211.24 2590.1 -574.266
210.754 2590.12 -574.267
210.269 2590.14 -574.295
209.782 2590.15 -574.258
209.294 2590.17 -574.276
208.808 2590.19 -574.266
208.323 2590.21 -574.27
207.837 2590.23 -574.269
207.349 2590.25 -574.283
206.864 2590.27 -574.262
206.376 2590.29 -574.281
205.891 2590.3 -574.268
205.407 2590.32 -574.278
204.922 2590.34 -574.293
204.434 2590.36 -574.262
203.949 2590.38 -574.297
203.461 2590.4 -574.278
202.977 2590.42 -574.289
202.492 2590.44 -574.294
202.006 2590.46 -574.323
201.518 2590.48 -574.331
201.034 2590.5 -574.311
200.545 2590.52 -574.316
200.059 2590.54 -574.34
199.574 2590.56 -574.334
199.086 2590.58 -574.331
198.598 2590.6 -574.365
198.109 2590.62 -574.373
197.623 2590.64 -574.381
197.133 2590.66 -574.379
196.646 2590.68 -574.398
196.156 2590.7 -574.406
195.67 2590.72 -574.392
195.177 2590.74 -574.419
194.685 2590.76 -574.447
194.197 2590.78 -574.445
193.696 2590.8 -574.454
193.216 2590.82 -574.462
192.715 2590.84 -574.459
192.224 2590.86 -574.481
191.741 2590.88 -574.487
191.246 2590.9 -574.501
190.749 2590.92 -574.477
190.251 2590.94 -574.519
189.757 2590.97 -574.55
189.263 2590.99 -574.545
188.771 2591.01 -574.547
188.273 2591.03 -574.564
187.778 2591.05 -574.58
187.281 2591.07 -574.584
186.787 2591.09 -574.592
186.286 2591.11 -574.615
185.794 2591.13 -574.595
185.294 2591.15 -574.606
184.797 2591.17 -574.616
184.3 2591.19 -574.6
183.789 2591.22 -574.666
183.28 2591.24 -574.677
182.669 2591.3 -574.907
177.426 2593.45 -587.053
176.866 2593.47 -587.06
176.311 2593.49 -587.077
175.755 2593.51 -587.078
175.196 2593.54 -587.089
174.646 2593.55 -587.07
174.083 2593.58 -587.104
173.528 2593.6 -587.101
172.967 2593.63 -587.107
172.434 2593.63 -586.994
171.891 2593.64 -586.915
171.366 2593.63 -586.772
170.846 2593.61 -586.501
170.355 2593.58 -586.172
171.457 2591.77 -575.185
171.049 2591.74 -574.875
170.565 2591.74 -574.788
170.06 2591.76 -574.751
169.536 2591.78 -574.781
168.543 2591.47 -572.584
168.023 2591.49 -572.603
167.492 2591.52 -572.635
167.016 2591.54 -572.644
166.477 2591.55 -572.625
165.927 2591.58 -572.674
165.452 2591.6 -572.659
164.922 2591.63 -572.7
164.387 2591.65 -572.706
163.88 2591.67 -572.697
163.351 2591.69 -572.71
162.826 2591.71 -572.717
162.275 2591.73 -572.737
161.767 2591.75 -572.739
161.227 2591.77 -572.739
160.689 2591.79 -572.726
Orientation_0:
-0.0219377 -0.157324 0.987303

Scanline_1:
258.424 2589.48 -581.728
257.846 2589.51 -581.769
257.273 2589.55 -581.848
256.718 2589.58 -581.911
256.177 2589.62 -582.039
255.637 2589.66 -582.17
255.114 2589.71 -582.346
254.589 2589.76 -582.515
254.061 2589.8 -582.677
253.533 2589.85 -582.836
253.019 2589.9 -583.035
252.475 2589.95 -583.182
251.955 2590 -583.365
251.441 2590.04 -583.532
250.923 2590.09 -583.72
250.406 2590.14 -583.912
249.88 2590.19 -584.077
249.361 2590.24 -584.277
248.848 2590.29 -584.482
248.328 2590.35 -584.669
247.808 2590.39 -584.855
247.282 2590.44 -585.032
246.76 2590.49 -585.214
246.23 2590.54 -585.38
245.696 2590.58 -585.523
245.161 2590.63 -585.673
244.63 2590.67 -585.822
244.089 2590.71 -585.952
243.559 2590.76 -586.105
243.015 2590.8 -586.222
242.488 2590.85 -586.389
241.956 2590.89 -586.55
241.44 2590.95 -586.76
240.918 2591 -586.962
240.387 2591.05 -587.162
239.867 2591.1 -587.333
239.341 2591.15 -587.511
238.803 2591.19 -587.656
238.272 2591.24 -587.816
237.739 2591.28 -587.981
237.206 2591.33 -588.133
236.68 2591.38 -588.339
236.191 2591.46 -588.692
235.618 2591.48 -588.685
235.051 2591.5 -588.685
234.481 2591.52 -588.685
233.893 2591.54 -588.628
233.345 2591.56 -588.67
232.775 2591.58 -588.64
232.203 2591.6 -588.605
231.631 2591.61 -588.552
231.057 2591.63 -588.56
230.611 2591.75 -589.189
230.05 2591.77 -589.15
229.471 2591.78 -589.105
228.915 2591.8 -589.083
228.343 2591.82 -589.072
227.787 2591.84 -589.038
227.223 2591.85 -588.995
226.654 2591.86 -588.938
226.086 2591.89 -588.932
225.528 2591.9 -588.859
224.966 2591.92 -588.882
224.407 2591.94 -588.843
223.858 2591.95 -588.789
223.283 2591.96 -588.728
222.743 2591.98 -588.736
219.402 2589.79 -574.235
218.919 2589.79 -574.132
218.441 2589.81 -574.157
217.951 2589.84 -574.187
217.459 2589.86 -574.191
216.968 2589.87 -574.175
216.479 2589.89 -574.201
215.989 2589.91 -574.193
215.501 2589.94 -574.233
215.012 2589.95 -574.21
214.522 2589.97 -574.232
214.034 2589.99 -574.212
213.545 2590.01 -574.239
213.062 2590.03 -574.239
212.575 2590.05 -574.233
212.082 2590.07 -574.23
211.594 2590.09 -574.253
211.107 2590.11 -574.244
210.624 2590.13 -574.286
210.134 2590.15 -574.265
209.648 2590.17 -574.25
209.16 2590.19 -574.269
208.672 2590.21 -574.271
208.186 2590.22 -574.26
207.698 2590.24 -574.253
207.214 2590.26 -574.267
206.726 2590.28 -574.275
206.242 2590.3 -574.292
205.753 2590.32 -574.268
205.269 2590.34 -574.281
204.781 2590.36 -574.278
204.297 2590.37 -574.261
203.809 2590.39 -574.275
203.322 2590.41 -574.26
202.837 2590.43 -574.277
202.349 2590.45 -574.28
201.861 2590.48 -574.323
201.376 2590.49 -574.307
200.888 2590.51 -574.309
200.4 2590.53 -574.315
199.909 2590.55 -574.309
199.42 2590.57 -574.323
198.932 2590.59 -574.329
198.441 2590.62 -574.369
197.949 2590.64 -574.371
197.463 2590.65 -574.368
196.974 2590.67 -574.377
196.484 2590.69 -574.374
195.994 2590.71 -574.39
195.499 2590.74 -574.409
195.009 2590.76 -574.416
194.513 2590.78 -574.436
194.023 2590.8 -574.435
193.531 2590.82 -574.447
193.038 2590.84 -574.457
192.531 2590.86 -574.487
192.04 2590.88 -574.481
191.544 2590.9 -574.477
191.054 2590.92 -574.483
190.557 2590.94 -574.491
190.058 2590.97 -574.535
189.567 2590.98 -574.514
189.067 2591.01 -574.558
188.57 2591.03 -574.549
188.072 2591.05 -574.57
187.575 2591.07 -574.578
187.077 2591.09 -574.59
186.583 2591.11 -574.572
186.086 2591.12 -574.565
185.584 2591.14 -574.576
185.08 2591.17 -574.614
184.581 2591.19 -574.609
184.08 2591.21 -574.623
183.573 2591.23 -574.641
183.041 2591.27 -574.733
177.705 2593.44 -587.005
177.151 2593.47 -587.042
176.598 2593.49 -587.036
176.034 2593.52 -587.076
175.479 2593.54 -587.074
174.927 2593.55 -587.046
174.365 2593.58 -587.066
173.805 2593.6 -587.057
173.239 2593.62 -587.083
172.685 2593.64 -587.055
172.141 2593.65 -586.978
171.61 2593.65 -586.833
171.082 2593.64 -586.64
170.564 2593.61 -586.333
171.631 2591.8 -575.315
171.229 2591.77 -575.011
170.78 2591.75 -574.823
170.269 2591.77 -574.776
169.765 2591.77 -574.708
168.715 2591.46 -572.478
168.207 2591.5 -572.623
167.711 2591.51 -572.533
167.176 2591.54 -572.634
166.628 2591.57 -572.648
166.08 2591.58 -572.633
165.62 2591.61 -572.661
165.067 2591.63 -572.688
164.546 2591.65 -572.697
163.995 2591.68 -572.718
163.49 2591.69 -572.702
162.935 2591.72 -572.718
162.407 2591.74 -572.734
161.886 2591.76 -572.711
161.344 2591.78 -572.727
160.803 2591.8 -572.727
Orientation_1:
-0.0221243 -0.157377 0.987291

Scanline_2:
258.337 2589.43 -581.734
257.778 2589.46 -581.777
257.207 2589.49 -581.849
256.646 2589.52 -581.921
256.108 2589.56 -582.042
255.585 2589.61 -582.172
255.065 2589.65 -582.35
254.543 2589.7 -582.512
254.021 2589.75 -582.674
253.493 2589.79 -582.849
252.987 2589.84 -583.034
252.458 2589.89 -583.174
251.933 2589.94 -583.359
251.426 2589.98 -583.531
250.902 2590.03 -583.727
250.398 2590.08 -583.909
249.875 2590.13 -584.068
249.366 2590.18 -584.268
248.854 2590.23 -584.471
248.344 2590.28 -584.67
247.824 2590.33 -584.838
247.308 2590.38 -585.022
246.788 2590.43 -585.2
246.266 2590.48 -585.365
245.734 2590.52 -585.506
245.209 2590.56 -585.658
244.683 2590.61 -585.809
244.147 2590.65 -585.935
243.624 2590.69 -586.096
243.081 2590.73 -586.195
242.559 2590.78 -586.373
242.036 2590.83 -586.535
241.521 2590.88 -586.741
241.015 2590.93 -586.971
240.473 2590.98 -587.135
239.963 2591.03 -587.309
239.436 2591.08 -587.492
238.908 2591.12 -587.639
238.375 2591.17 -587.796
237.849 2591.21 -587.957
237.314 2591.26 -588.093
236.797 2591.31 -588.309
236.293 2591.39 -588.658
235.744 2591.41 -588.687
235.18 2591.44 -588.691
234.617 2591.46 -588.698
234.025 2591.46 -588.581
233.48 2591.5 -588.668
232.912 2591.52 -588.655
232.343 2591.53 -588.612
231.774 2591.55 -588.566
231.198 2591.56 -588.533
230.748 2591.68 -589.147
230.205 2591.7 -589.179
229.626 2591.72 -589.13
229.07 2591.73 -589.079
228.491 2591.75 -589.038
227.945 2591.77 -589.034
227.386 2591.79 -589.013
226.822 2591.8 -588.956
226.245 2591.81 -588.876
225.7 2591.83 -588.863
225.127 2591.84 -588.794
224.572 2591.86 -588.77
224.03 2591.88 -588.788
223.471 2591.89 -588.694
222.922 2591.91 -588.728
219.574 2589.73 -574.313
219.095 2589.73 -574.183
218.61 2589.74 -574.155
218.115 2589.76 -574.161
217.625 2589.78 -574.171
217.135 2589.81 -574.182
216.646 2589.83 -574.199
216.154 2589.85 -574.208
215.665 2589.87 -574.221
215.173 2589.88 -574.203
214.686 2589.91 -574.222
214.193 2589.92 -574.219
213.705 2589.95 -574.238
213.217 2589.97 -574.237
212.728 2589.98 -574.231
212.238 2590.01 -574.256
211.75 2590.03 -574.263
211.263 2590.05 -574.271
210.774 2590.06 -574.252
210.288 2590.08 -574.277
209.8 2590.1 -574.246
209.313 2590.12 -574.257
208.826 2590.14 -574.244
208.336 2590.16 -574.262
207.85 2590.18 -574.273
207.363 2590.2 -574.282
206.877 2590.21 -574.27
206.39 2590.23 -574.279
205.904 2590.25 -574.278
205.414 2590.27 -574.295
204.928 2590.29 -574.29
204.442 2590.31 -574.273
203.955 2590.33 -574.296
203.469 2590.35 -574.269
202.983 2590.37 -574.289
202.493 2590.39 -574.287
202.006 2590.41 -574.316
201.519 2590.43 -574.328
201.033 2590.44 -574.302
200.547 2590.46 -574.311
200.059 2590.49 -574.325
199.572 2590.5 -574.326
199.085 2590.52 -574.326
198.597 2590.55 -574.349
198.109 2590.57 -574.359
197.621 2590.58 -574.36
197.137 2590.6 -574.362
196.643 2590.63 -574.404
196.155 2590.65 -574.395
195.667 2590.67 -574.393
195.181 2590.68 -574.399
194.686 2590.71 -574.431
194.199 2590.73 -574.448
193.7 2590.75 -574.448
193.219 2590.77 -574.453
192.727 2590.79 -574.466
192.226 2590.81 -574.474
191.744 2590.83 -574.479
191.244 2590.85 -574.503
190.765 2590.87 -574.475
190.262 2590.89 -574.511
189.766 2590.92 -574.542
189.272 2590.94 -574.552
188.779 2590.95 -574.543
188.287 2590.98 -574.557
187.792 2591 -574.561
187.297 2591.01 -574.559
186.801 2591.03 -574.568
186.302 2591.06 -574.588
185.805 2591.08 -574.596
185.311 2591.1 -574.596
184.812 2591.12 -574.603
184.311 2591.14 -574.626
183.809 2591.16 -574.644
183.297 2591.19 -574.683
182.704 2591.24 -574.871
177.431 2593.39 -587.044
176.873 2593.42 -587.051
176.325 2593.44 -587.043
175.766 2593.46 -587.064
175.208 2593.48 -587.075
174.661 2593.5 -587.049
174.101 2593.53 -587.067
173.54 2593.55 -587.078
172.978 2593.57 -587.094
172.444 2593.58 -586.997
171.904 2593.58 -586.908
171.383 2593.58 -586.756
170.865 2593.56 -586.485
170.378 2593.52 -586.148
171.487 2591.72 -575.171
171.082 2591.69 -574.858
170.595 2591.69 -574.775
170.092 2591.7 -574.724
169.563 2591.73 -574.754
168.589 2591.41 -572.536
168.062 2591.44 -572.574
167.515 2591.46 -572.608
167.02 2591.49 -572.677
166.496 2591.5 -572.6
165.945 2591.53 -572.635
165.472 2591.54 -572.629
164.933 2591.57 -572.681
164.389 2591.6 -572.689
163.887 2591.61 -572.678
163.353 2591.64 -572.711
162.828 2591.66 -572.701
162.278 2591.68 -572.714
161.758 2591.7 -572.722
161.215 2591.73 -572.734
Orientation_2:
-0.0222504 -0.157292 0.987302

Scanline_3:
258.568 2589.42 -581.684
258.005 2589.46 -581.766
257.429 2589.49 -581.808
256.859 2589.52 -581.877
256.311 2589.56 -581.988
255.779 2589.6 -582.122
255.248 2589.65 -582.308
254.71 2589.7 -582.455
254.193 2589.74 -582.617
253.662 2589.79 -582.811
253.145 2589.84 -582.973
252.618 2589.89 -583.148
252.078 2589.93 -583.306
251.551 2589.98 -583.481
251.045 2590.03 -583.674
250.51 2590.08 -583.859
249.997 2590.13 -584.031
249.461 2590.18 -584.226
248.958 2590.23 -584.431
248.438 2590.29 -584.63
247.917 2590.33 -584.802
247.401 2590.38 -585.002
246.868 2590.43 -585.176
246.337 2590.48 -585.327
245.804 2590.52 -585.488
245.271 2590.57 -585.633
244.739 2590.61 -585.795
244.196 2590.65 -585.908
243.666 2590.7 -586.077
243.121 2590.74 -586.181
242.593 2590.79 -586.344
242.067 2590.83 -586.516
241.545 2590.89 -586.721
241.03 2590.94 -586.939
240.495 2590.99 -587.121
239.979 2591.04 -587.297
239.452 2591.09 -587.475
238.918 2591.13 -587.624
238.387 2591.18 -587.783
237.857 2591.23 -587.953
237.319 2591.27 -588.086
236.791 2591.32 -588.3
236.296 2591.4 -588.647
235.75 2591.42 -588.684
235.184 2591.45 -588.693
234.618 2591.47 -588.696
234.027 2591.47 -588.576
233.48 2591.51 -588.663
232.913 2591.53 -588.65
232.343 2591.54 -588.613
231.77 2591.56 -588.557
231.196 2591.58 -588.548
230.75 2591.7 -589.181
230.196 2591.72 -589.169
229.616 2591.73 -589.121
229.061 2591.74 -589.07
228.486 2591.76 -589.045
227.939 2591.78 -589.029
227.376 2591.8 -589.002
226.799 2591.81 -588.941
226.237 2591.83 -588.904
225.688 2591.84 -588.855
225.116 2591.86 -588.835
224.558 2591.87 -588.786
224.015 2591.89 -588.787
223.439 2591.9 -588.694
222.902 2591.93 -588.728
219.542 2589.74 -574.262
219.053 2589.74 -574.167
218.569 2589.76 -574.174
218.075 2589.78 -574.17
217.582 2589.8 -574.173
217.088 2589.82 -574.198
216.595 2589.84 -574.194
216.099 2589.86 -574.19
215.61 2589.88 -574.23
215.115 2589.9 -574.23
214.622 2589.92 -574.218
214.128 2589.94 -574.212
213.639 2589.96 -574.242
213.145 2589.98 -574.249
212.654 2590 -574.232
212.162 2590.02 -574.256
211.671 2590.04 -574.25
211.178 2590.06 -574.252
210.69 2590.08 -574.284
210.197 2590.1 -574.271
209.708 2590.12 -574.271
209.212 2590.14 -574.265
208.723 2590.15 -574.255
208.231 2590.17 -574.259
207.742 2590.19 -574.264
207.25 2590.21 -574.273
206.762 2590.23 -574.286
206.267 2590.25 -574.296
205.779 2590.27 -574.28
205.287 2590.29 -574.284
204.799 2590.31 -574.299
204.307 2590.33 -574.272
203.819 2590.35 -574.29
203.327 2590.37 -574.287
202.839 2590.39 -574.298
202.348 2590.4 -574.279
201.858 2590.43 -574.312
201.367 2590.45 -574.314
200.878 2590.46 -574.3
200.389 2590.48 -574.318
199.9 2590.5 -574.324
199.407 2590.53 -574.338
198.917 2590.55 -574.352
198.424 2590.57 -574.367
197.933 2590.59 -574.394
197.444 2590.61 -574.389
196.953 2590.63 -574.394
196.464 2590.65 -574.381
195.973 2590.67 -574.397
195.479 2590.69 -574.399
194.987 2590.71 -574.45
194.493 2590.73 -574.447
194.003 2590.75 -574.431
193.509 2590.77 -574.45
193.016 2590.79 -574.458
192.507 2590.82 -574.5
192.016 2590.83 -574.484
191.532 2590.85 -574.49
191.038 2590.87 -574.492
190.544 2590.89 -574.495
190.035 2590.92 -574.54
189.55 2590.94 -574.532
189.041 2590.96 -574.569
188.546 2590.98 -574.565
188.048 2591 -574.579
187.552 2591.02 -574.573
187.054 2591.04 -574.579
186.555 2591.06 -574.583
186.06 2591.08 -574.566
185.556 2591.1 -574.6
185.054 2591.12 -574.618
184.552 2591.14 -574.612
184.049 2591.16 -574.627
183.542 2591.19 -574.667
182.991 2591.23 -574.789
177.66 2593.4 -587.031
177.114 2593.42 -587.025
176.549 2593.45 -587.073
175.986 2593.47 -587.086
175.43 2593.49 -587.078
174.873 2593.51 -587.044
174.304 2593.54 -587.09
173.742 2593.56 -587.082
173.182 2593.58 -587.082
172.622 2593.59 -587.059
172.087 2593.6 -586.937
171.55 2593.6 -586.81
171.019 2593.58 -586.583
170.518 2593.55 -586.249
171.587 2591.74 -575.239
171.184 2591.71 -574.92
170.701 2591.71 -574.813
170.193 2591.72 -574.749
169.677 2591.73 -574.723
168.655 2591.42 -572.539
168.131 2591.45 -572.594
167.627 2591.47 -572.565
167.069 2591.51 -572.697
166.548 2591.51 -572.613
165.991 2591.54 -572.65
165.505 2591.56 -572.647
164.967 2591.59 -572.702
164.412 2591.61 -572.704
163.904 2591.63 -572.718
163.364 2591.66 -572.731
162.833 2591.68 -572.732
162.277 2591.7 -572.724
161.753 2591.72 -572.73
161.195 2591.74 -572.76
160.687 2591.75 -572.709
Orientation_3:
-0.022068 -0.157273 0.987309

Scanline_4:
258.027 2589.4 -581.753
257.465 2589.43 -581.801
256.904 2589.46 -581.89
256.34 2589.5 -581.99
255.818 2589.54 -582.138
255.289 2589.59 -582.297
254.75 2589.63 -582.44
254.231 2589.68 -582.625
253.702 2589.73 -582.793
253.179 2589.78 -582.967
252.651 2589.83 -583.138
252.108 2589.87 -583.285
251.603 2589.92 -583.48
251.082 2589.97 -583.657
250.545 2590.02 -583.835
250.037 2590.07 -584.021
249.514 2590.12 -584.207
249.005 2590.17 -584.425
248.482 2590.22 -584.613
247.96 2590.27 -584.791
247.442 2590.32 -584.993
246.914 2590.37 -585.156
246.384 2590.42 -585.32
245.854 2590.46 -585.475
245.318 2590.51 -585.623
244.792 2590.55 -585.777
244.248 2590.59 -585.895
243.722 2590.64 -586.061
243.175 2590.68 -586.169
242.644 2590.72 -586.318
242.112 2590.77 -586.479
241.598 2590.82 -586.697
241.077 2590.88 -586.901
240.533 2590.92 -587.048
240.031 2590.98 -587.274
239.502 2591.02 -587.44
238.967 2591.07 -587.594
238.434 2591.11 -587.747
237.903 2591.16 -587.921
237.369 2591.21 -588.069
236.843 2591.26 -588.255
236.297 2591.3 -588.4
235.8 2591.36 -588.67
235.241 2591.39 -588.707
234.667 2591.41 -588.687
234.09 2591.42 -588.632
233.536 2591.45 -588.683
232.969 2591.47 -588.668
232.394 2591.48 -588.603
231.825 2591.5 -588.566
231.231 2591.51 -588.465
230.776 2591.62 -589.078
230.256 2591.66 -589.19
229.671 2591.67 -589.114
229.119 2591.69 -589.079
228.539 2591.7 -589.016
227.995 2591.72 -589.036
227.436 2591.74 -589.003
226.866 2591.75 -588.964
226.296 2591.76 -588.854
225.754 2591.78 -588.866
225.193 2591.79 -588.793
224.63 2591.81 -588.779
224.094 2591.83 -588.799
223.535 2591.84 -588.724
222.989 2591.87 -588.736
219.628 2589.69 -574.318
219.14 2589.69 -574.172
218.658 2589.7 -574.167
218.167 2589.72 -574.16
217.679 2589.74 -574.174
217.19 2589.76 -574.178
216.7 2589.78 -574.194
216.212 2589.8 -574.208
215.726 2589.83 -574.231
215.237 2589.84 -574.22
214.747 2589.86 -574.224
214.259 2589.88 -574.221
213.772 2589.9 -574.222
213.286 2589.92 -574.237
212.796 2589.94 -574.235
212.311 2589.96 -574.26
211.824 2589.98 -574.241
211.339 2590 -574.267
210.848 2590.02 -574.228
210.365 2590.04 -574.28
209.878 2590.05 -574.244
209.389 2590.07 -574.245
208.905 2590.09 -574.258
208.417 2590.11 -574.264
207.929 2590.14 -574.28
207.441 2590.15 -574.27
206.953 2590.17 -574.259
206.468 2590.19 -574.275
205.981 2590.21 -574.298
205.493 2590.23 -574.288
205.005 2590.25 -574.275
204.518 2590.27 -574.287
204.027 2590.29 -574.298
203.539 2590.3 -574.27
203.048 2590.33 -574.309
202.561 2590.35 -574.303
202.07 2590.37 -574.305
201.582 2590.39 -574.318
201.094 2590.4 -574.299
200.606 2590.42 -574.316
200.114 2590.44 -574.318
199.626 2590.47 -574.337
199.134 2590.48 -574.335
198.646 2590.5 -574.335
198.153 2590.53 -574.356
197.664 2590.55 -574.367
197.17 2590.57 -574.386
196.68 2590.59 -574.403
196.188 2590.61 -574.39
195.697 2590.63 -574.403
195.204 2590.65 -574.412
194.713 2590.67 -574.412
194.217 2590.69 -574.441
193.717 2590.71 -574.447
193.231 2590.73 -574.457
192.729 2590.75 -574.469
192.234 2590.77 -574.468
191.747 2590.8 -574.508
191.242 2590.82 -574.503
190.76 2590.83 -574.497
190.255 2590.86 -574.513
189.758 2590.88 -574.541
189.264 2590.9 -574.538
188.769 2590.92 -574.542
188.269 2590.94 -574.557
187.771 2590.96 -574.576
187.276 2590.98 -574.565
186.78 2591 -574.562
186.276 2591.02 -574.589
185.777 2591.05 -574.62
185.28 2591.06 -574.594
184.781 2591.08 -574.612
184.275 2591.11 -574.64
183.773 2591.13 -574.649
183.255 2591.16 -574.696
182.655 2591.21 -574.918
177.921 2593.33 -586.971
177.388 2593.36 -587.053
176.831 2593.38 -587.072
176.283 2593.4 -587.053
175.732 2593.42 -587.048
175.171 2593.45 -587.087
174.622 2593.47 -587.047
174.062 2593.49 -587.07
173.5 2593.52 -587.1
172.95 2593.53 -587.073
172.403 2593.55 -587.026
171.875 2593.55 -586.895
171.343 2593.54 -586.738
170.842 2593.52 -586.452
170.365 2593.48 -586.112
171.47 2591.68 -575.111
171.054 2591.65 -574.838
170.566 2591.65 -574.726
170.047 2591.67 -574.72
169.498 2591.71 -574.833
168.538 2591.39 -572.589
167.965 2591.41 -572.608
167.435 2591.44 -572.625
166.96 2591.46 -572.668
166.434 2591.48 -572.651
165.942 2591.49 -572.607
165.423 2591.51 -572.627
164.873 2591.55 -572.691
164.352 2591.56 -572.675
163.83 2591.59 -572.704
163.297 2591.61 -572.698
162.788 2591.62 -572.679
162.238 2591.65 -572.706
161.704 2591.67 -572.724
161.133 2591.7 -572.736
160.647 2591.71 -572.704
Orientation_4:
-0.0219396 -0.157126 0.987335

Scanline_5:
257.999 2589.49 -581.763
257.421 2589.52 -581.818
256.854 2589.56 -581.888
256.294 2589.6 -581.994
255.763 2589.64 -582.115
255.236 2589.69 -582.305
254.699 2589.73 -582.451
254.171 2589.78 -582.638
253.636 2589.83 -582.819
253.11 2589.88 -582.982
252.588 2589.92 -583.153
252.042 2589.97 -583.323
251.528 2590.02 -583.497
250.998 2590.07 -583.682
250.479 2590.12 -583.875
249.946 2590.17 -584.048
249.429 2590.22 -584.239
248.906 2590.27 -584.444
248.389 2590.33 -584.647
247.858 2590.38 -584.831
247.339 2590.43 -585.016
246.8 2590.47 -585.187
246.274 2590.52 -585.35
245.734 2590.57 -585.503
245.198 2590.61 -585.645
244.659 2590.66 -585.803
244.119 2590.7 -585.931
243.58 2590.74 -586.09
243.037 2590.78 -586.206
242.499 2590.83 -586.368
241.971 2590.88 -586.54
241.443 2590.93 -586.741
240.927 2590.98 -586.961
240.385 2591.04 -587.157
239.866 2591.08 -587.326
239.329 2591.13 -587.5
238.797 2591.18 -587.647
238.256 2591.22 -587.809
237.725 2591.27 -587.978
237.182 2591.32 -588.132
236.658 2591.37 -588.337
236.159 2591.45 -588.69
235.585 2591.47 -588.673
235.01 2591.49 -588.682
234.444 2591.51 -588.679
233.852 2591.53 -588.65
233.3 2591.55 -588.667
232.719 2591.57 -588.627
232.147 2591.59 -588.595
231.566 2591.6 -588.538
231.006 2591.62 -588.537
230.543 2591.74 -589.188
229.985 2591.76 -589.14
229.395 2591.77 -589.089
228.845 2591.79 -589.074
228.261 2591.81 -589.05
227.713 2591.83 -589.035
227.141 2591.84 -588.981
226.575 2591.85 -588.914
226.004 2591.87 -588.92
225.449 2591.88 -588.844
224.884 2591.91 -588.881
224.328 2591.93 -588.857
223.763 2591.94 -588.762
223.201 2591.96 -588.758
222.639 2591.97 -588.724
219.312 2589.77 -574.186
218.829 2589.79 -574.16
218.335 2589.8 -574.153
217.84 2589.83 -574.183
217.35 2589.85 -574.197
216.849 2589.86 -574.164
216.36 2589.89 -574.185
215.865 2589.91 -574.204
215.374 2589.92 -574.195
214.878 2589.95 -574.204
214.39 2589.97 -574.222
213.895 2589.99 -574.238
213.404 2590 -574.222
212.909 2590.02 -574.219
212.421 2590.04 -574.23
211.927 2590.06 -574.239
211.439 2590.08 -574.244
210.943 2590.1 -574.221
210.457 2590.12 -574.257
209.963 2590.14 -574.255
209.475 2590.16 -574.257
208.978 2590.18 -574.257
208.491 2590.2 -574.27
207.994 2590.22 -574.244
207.507 2590.24 -574.264
207.011 2590.26 -574.256
206.524 2590.28 -574.275
206.028 2590.3 -574.275
205.541 2590.32 -574.273
205.045 2590.33 -574.265
204.555 2590.36 -574.286
204.059 2590.37 -574.263
203.572 2590.39 -574.267
203.076 2590.41 -574.27
202.589 2590.43 -574.283
202.093 2590.45 -574.295
201.602 2590.47 -574.312
201.11 2590.49 -574.295
200.619 2590.51 -574.314
200.122 2590.53 -574.314
199.635 2590.55 -574.315
199.138 2590.57 -574.318
198.646 2590.59 -574.35
198.149 2590.61 -574.351
197.66 2590.63 -574.36
197.163 2590.65 -574.351
196.669 2590.68 -574.394
196.171 2590.7 -574.394
195.683 2590.71 -574.383
195.183 2590.74 -574.403
194.688 2590.76 -574.441
194.189 2590.78 -574.429
193.695 2590.8 -574.443
193.194 2590.82 -574.452
192.695 2590.84 -574.45
192.189 2590.86 -574.47
191.707 2590.88 -574.474
191.201 2590.9 -574.491
190.702 2590.92 -574.465
190.195 2590.94 -574.509
189.695 2590.97 -574.539
189.199 2590.99 -574.539
188.697 2591 -574.526
188.21 2591.03 -574.549
187.691 2591.05 -574.582
187.193 2591.07 -574.578
186.689 2591.09 -574.571
186.19 2591.11 -574.591
185.682 2591.13 -574.577
185.18 2591.15 -574.608
184.674 2591.17 -574.598
184.17 2591.19 -574.613
183.656 2591.22 -574.65
183.136 2591.25 -574.693
182.496 2591.32 -574.981
177.762 2593.42 -586.958
177.208 2593.45 -587.039
176.644 2593.48 -587.058
176.089 2593.5 -587.063
175.525 2593.52 -587.051
174.971 2593.54 -587.044
174.402 2593.56 -587.067
173.84 2593.59 -587.087
173.28 2593.61 -587.063
172.724 2593.63 -587.045
172.177 2593.63 -586.971
171.646 2593.63 -586.843
171.113 2593.62 -586.647
170.604 2593.59 -586.34
171.649 2591.79 -575.336
171.257 2591.75 -575.008
170.803 2591.74 -574.805
170.293 2591.75 -574.769
169.799 2591.75 -574.646
168.754 2591.44 -572.443
168.22 2591.49 -572.636
167.731 2591.49 -572.537
167.196 2591.53 -572.628
166.66 2591.55 -572.64
166.102 2591.57 -572.621
165.629 2591.59 -572.649
165.087 2591.61 -572.664
164.553 2591.64 -572.685
164.012 2591.66 -572.704
163.506 2591.68 -572.692
162.958 2591.7 -572.713
162.427 2591.72 -572.709
161.899 2591.74 -572.701
161.357 2591.77 -572.721
160.813 2591.79 -572.713
Orientation_5:
-0.0219753 -0.157324 0.987302

Scanline_6:
257.918 2589.49 -581.776
257.347 2589.52 -581.841
256.793 2589.55 -581.906
256.233 2589.59 -582.013
255.704 2589.63 -582.139
255.183 2589.68 -582.328
254.65 2589.73 -582.471
254.127 2589.78 -582.655
253.606 2589.83 -582.831
253.08 2589.87 -582.997
252.555 2589.92 -583.161
252.028 2589.97 -583.333
251.508 2590.02 -583.512
250.985 2590.06 -583.694
250.468 2590.11 -583.883
249.94 2590.16 -584.052
249.423 2590.21 -584.242
248.911 2590.27 -584.459
248.393 2590.32 -584.649
247.872 2590.37 -584.828
247.352 2590.42 -585.01
246.826 2590.46 -585.186
246.3 2590.51 -585.352
245.767 2590.55 -585.495
245.235 2590.6 -585.64
244.703 2590.64 -585.794
244.166 2590.69 -585.922
243.635 2590.73 -586.085
243.093 2590.77 -586.19
242.561 2590.82 -586.35
242.039 2590.86 -586.529
241.516 2590.92 -586.722
241.003 2590.97 -586.944
240.468 2591.02 -587.136
239.953 2591.07 -587.31
239.422 2591.12 -587.475
238.889 2591.16 -587.623
238.355 2591.21 -587.781
237.829 2591.26 -587.959
237.287 2591.3 -588.083
236.767 2591.35 -588.293
236.263 2591.43 -588.64
235.715 2591.45 -588.678
235.152 2591.48 -588.693
234.586 2591.5 -588.688
233.984 2591.5 -588.579
233.447 2591.54 -588.655
232.881 2591.56 -588.654
232.31 2591.57 -588.611
231.74 2591.59 -588.563
231.162 2591.6 -588.524
230.695 2591.72 -589.104
230.174 2591.75 -589.185
229.605 2591.76 -589.135
229.038 2591.78 -589.088
228.457 2591.79 -589.037
227.913 2591.81 -589.035
227.352 2591.83 -589.007
226.79 2591.84 -588.966
226.211 2591.85 -588.882
225.669 2591.87 -588.865
225.095 2591.88 -588.797
224.543 2591.9 -588.776
224.003 2591.92 -588.789
223.428 2591.93 -588.692
222.893 2591.96 -588.728
219.527 2589.78 -574.304
219.048 2589.78 -574.184
218.565 2589.79 -574.154
218.073 2589.81 -574.162
217.585 2589.83 -574.167
217.096 2589.85 -574.188
216.608 2589.87 -574.196
216.118 2589.89 -574.206
215.631 2589.91 -574.211
215.139 2589.93 -574.196
214.655 2589.95 -574.228
214.165 2589.97 -574.232
213.676 2589.99 -574.239
213.19 2590.01 -574.239
212.704 2590.03 -574.234
212.216 2590.05 -574.241
211.728 2590.07 -574.261
211.24 2590.09 -574.263
210.755 2590.11 -574.258
210.268 2590.13 -574.282
209.782 2590.14 -574.255
209.295 2590.17 -574.272
208.806 2590.18 -574.253
208.319 2590.2 -574.264
207.835 2590.22 -574.267
207.345 2590.24 -574.285
206.861 2590.26 -574.247
206.374 2590.28 -574.265
205.887 2590.3 -574.26
205.397 2590.32 -574.289
204.91 2590.34 -574.29
204.423 2590.35 -574.265
203.937 2590.38 -574.29
203.447 2590.39 -574.27
202.96 2590.41 -574.281
202.473 2590.43 -574.285
201.986 2590.46 -574.317
201.495 2590.47 -574.319
201.009 2590.49 -574.305
200.521 2590.51 -574.307
200.033 2590.53 -574.332
199.543 2590.55 -574.326
199.055 2590.57 -574.325
198.566 2590.59 -574.36
198.078 2590.61 -574.365
197.587 2590.63 -574.372
197.098 2590.65 -574.372
196.605 2590.68 -574.393
196.116 2590.69 -574.398
195.628 2590.71 -574.384
195.137 2590.73 -574.413
194.642 2590.76 -574.443
194.153 2590.78 -574.437
193.659 2590.8 -574.447
193.168 2590.82 -574.455
192.664 2590.84 -574.456
192.172 2590.86 -574.473
191.69 2590.88 -574.476
191.196 2590.9 -574.492
190.694 2590.92 -574.47
190.196 2590.94 -574.516
189.697 2590.97 -574.542
189.204 2590.98 -574.541
188.707 2591 -574.536
188.211 2591.02 -574.554
187.709 2591.05 -574.58
187.214 2591.07 -574.582
186.714 2591.09 -574.586
186.215 2591.11 -574.605
185.719 2591.12 -574.58
185.219 2591.15 -574.602
184.717 2591.17 -574.606
184.22 2591.19 -574.599
183.708 2591.21 -574.658
183.197 2591.24 -574.669
182.583 2591.3 -574.924
177.849 2593.41 -586.958
177.325 2593.44 -587.034
176.77 2593.47 -587.045
176.212 2593.49 -587.067
175.659 2593.51 -587.056
175.1 2593.54 -587.073
174.546 2593.55 -587.062
173.984 2593.58 -587.098
173.427 2593.6 -587.092
172.876 2593.62 -587.073
172.337 2593.63 -586.983
171.806 2593.63 -586.868
171.272 2593.63 -586.724
170.761 2593.61 -586.464
170.274 2593.57 -586.13
171.392 2591.76 -575.119
170.978 2591.73 -574.838
170.48 2591.74 -574.758
169.97 2591.76 -574.731
169.022 2591.42 -572.38
168.445 2591.48 -572.612
167.885 2591.5 -572.625
167.378 2591.52 -572.631
166.904 2591.54 -572.63
166.368 2591.56 -572.628
165.833 2591.58 -572.631
165.33 2591.6 -572.653
164.801 2591.63 -572.707
164.263 2591.65 -572.693
163.766 2591.67 -572.677
163.228 2591.69 -572.69
162.707 2591.71 -572.701
162.159 2591.74 -572.736
161.646 2591.75 -572.713
161.103 2591.78 -572.726
160.573 2591.8 -572.716
Orientation_6:
-0.0217933 -0.157288 0.987312

Scanline_7:
257.93 2589.46 -581.768
257.354 2589.49 -581.814
256.807 2589.53 -581.904
256.245 2589.57 -581.999
255.705 2589.61 -582.133
255.189 2589.66 -582.328
254.65 2589.7 -582.462
254.145 2589.75 -582.647
253.609 2589.8 -582.818
253.094 2589.85 -582.987
252.568 2589.89 -583.152
252.044 2589.94 -583.315
251.526 2589.99 -583.506
251.003 2590.04 -583.683
250.471 2590.09 -583.867
249.961 2590.14 -584.047
249.44 2590.19 -584.232
248.934 2590.24 -584.449
248.411 2590.29 -584.639
247.89 2590.34 -584.813
247.372 2590.39 -585.009
246.844 2590.44 -585.171
246.317 2590.48 -585.339
245.788 2590.53 -585.487
245.252 2590.57 -585.625
244.723 2590.62 -585.784
244.186 2590.66 -585.903
243.661 2590.71 -586.079
243.115 2590.74 -586.178
242.59 2590.79 -586.339
242.064 2590.84 -586.512
241.548 2590.89 -586.712
241.032 2590.94 -586.927
240.5 2590.99 -587.11
239.99 2591.04 -587.291
239.465 2591.09 -587.462
238.931 2591.13 -587.609
238.403 2591.18 -587.768
237.874 2591.23 -587.941
237.339 2591.27 -588.073
236.821 2591.32 -588.278
236.301 2591.39 -588.564
235.779 2591.43 -588.675
235.218 2591.45 -588.692
234.653 2591.47 -588.685
234.072 2591.48 -588.597
233.524 2591.51 -588.661
232.965 2591.53 -588.656
232.392 2591.54 -588.606
231.824 2591.56 -588.558
231.241 2591.57 -588.484
230.787 2591.69 -589.105
230.263 2591.72 -589.181
229.684 2591.73 -589.121
229.129 2591.75 -589.075
228.553 2591.76 -589.021
228.01 2591.78 -589.031
227.455 2591.8 -589.007
226.893 2591.81 -588.957
226.311 2591.82 -588.844
225.772 2591.84 -588.859
225.199 2591.85 -588.784
224.645 2591.87 -588.765
224.109 2591.89 -588.786
223.547 2591.9 -588.699
223.002 2591.93 -588.727
219.615 2589.75 -574.298
219.138 2589.75 -574.179
218.653 2589.76 -574.17
218.161 2589.78 -574.159
217.668 2589.8 -574.17
217.179 2589.82 -574.175
216.689 2589.84 -574.202
216.2 2589.86 -574.207
215.708 2589.89 -574.219
215.219 2589.9 -574.215
214.729 2589.93 -574.231
214.24 2589.94 -574.221
213.75 2589.96 -574.239
213.264 2589.99 -574.254
212.772 2590 -574.237
212.287 2590.02 -574.267
211.795 2590.04 -574.248
211.307 2590.06 -574.274
210.819 2590.08 -574.246
210.33 2590.1 -574.269
209.84 2590.12 -574.249
209.355 2590.14 -574.262
208.866 2590.16 -574.258
208.377 2590.17 -574.263
207.889 2590.2 -574.28
207.403 2590.21 -574.273
206.914 2590.23 -574.268
206.429 2590.25 -574.286
205.941 2590.27 -574.286
205.452 2590.29 -574.296
204.964 2590.31 -574.292
204.479 2590.33 -574.279
203.991 2590.35 -574.291
203.502 2590.36 -574.27
203.017 2590.39 -574.299
202.529 2590.41 -574.297
202.04 2590.43 -574.317
201.554 2590.45 -574.33
201.069 2590.46 -574.312
200.584 2590.48 -574.321
200.094 2590.51 -574.338
199.609 2590.52 -574.335
199.123 2590.54 -574.334
198.633 2590.56 -574.352
198.146 2590.59 -574.365
197.66 2590.6 -574.36
197.173 2590.62 -574.369
196.685 2590.65 -574.406
196.195 2590.67 -574.401
195.711 2590.68 -574.402
195.22 2590.7 -574.404
194.73 2590.73 -574.43
194.24 2590.75 -574.453
193.743 2590.77 -574.453
193.259 2590.79 -574.465
192.77 2590.81 -574.473
192.27 2590.83 -574.48
191.789 2590.85 -574.488
191.288 2590.87 -574.506
190.809 2590.89 -574.487
190.305 2590.91 -574.519
189.812 2590.93 -574.543
189.318 2590.96 -574.558
188.827 2590.97 -574.555
188.334 2590.99 -574.557
187.839 2591.02 -574.576
187.346 2591.03 -574.572
186.851 2591.05 -574.576
186.354 2591.08 -574.599
185.857 2591.1 -574.608
185.362 2591.12 -574.605
184.865 2591.14 -574.619
184.367 2591.16 -574.625
183.865 2591.18 -574.657
183.35 2591.21 -574.684
182.766 2591.26 -574.885
177.517 2593.41 -587.058
176.964 2593.44 -587.072
176.407 2593.45 -587.059
175.849 2593.48 -587.09
175.292 2593.5 -587.086
174.743 2593.52 -587.061
174.179 2593.54 -587.086
173.622 2593.57 -587.091
173.059 2593.59 -587.105
172.52 2593.6 -587.019
171.981 2593.6 -586.92
171.451 2593.6 -586.781
170.935 2593.58 -586.508
170.44 2593.54 -586.165
171.518 2591.74 -575.187
171.111 2591.71 -574.859
170.624 2591.71 -574.78
170.115 2591.72 -574.734
169.583 2591.75 -574.771
168.594 2591.43 -572.558
168.068 2591.46 -572.598
167.533 2591.48 -572.609
167.012 2591.52 -572.692
166.505 2591.52 -572.61
165.95 2591.55 -572.651
165.464 2591.57 -572.64
164.922 2591.6 -572.708
164.378 2591.62 -572.7
163.875 2591.64 -572.698
163.335 2591.67 -572.734
162.817 2591.68 -572.708
162.26 2591.71 -572.726
161.75 2591.73 -572.731
161.192 2591.75 -572.743
160.673 2591.76 -572.706
Orientation_7:
-0.021634 -0.157227 0.987326

Scanline_8:
257.817 2589.48 -581.795
257.244 2589.51 -581.853
256.697 2589.54 -581.935
256.134 2589.58 -582.034
255.595 2589.62 -582.165
255.089 2589.67 -582.351
254.549 2589.71 -582.498
254.041 2589.76 -582.679
253.51 2589.81 -582.849
252.999 2589.86 -583.024
252.472 2589.9 -583.182
251.952 2589.95 -583.352
251.435 2590 -583.541
250.917 2590.05 -583.715
250.402 2590.1 -583.896
249.881 2590.15 -584.076
249.366 2590.2 -584.259
248.86 2590.25 -584.483
248.346 2590.3 -584.671
247.823 2590.35 -584.845
247.308 2590.4 -585.033
246.787 2590.45 -585.202
246.264 2590.49 -585.364
245.734 2590.54 -585.515
245.205 2590.58 -585.654
244.677 2590.63 -585.812
244.14 2590.66 -585.924
243.618 2590.71 -586.105
243.076 2590.75 -586.2
242.551 2590.8 -586.367
242.032 2590.85 -586.547
241.512 2590.9 -586.737
241.004 2590.95 -586.959
240.471 2591 -587.145
239.959 2591.05 -587.316
239.434 2591.1 -587.491
238.903 2591.14 -587.632
238.377 2591.19 -587.79
237.855 2591.23 -587.971
237.317 2591.27 -588.095
236.801 2591.33 -588.303
236.3 2591.4 -588.648
235.757 2591.43 -588.688
235.194 2591.45 -588.703
234.631 2591.48 -588.702
234.033 2591.48 -588.591
233.496 2591.51 -588.667
232.933 2591.54 -588.666
232.364 2591.55 -588.628
231.791 2591.56 -588.57
231.218 2591.58 -588.535
230.753 2591.7 -589.144
230.226 2591.72 -589.191
229.646 2591.74 -589.138
229.089 2591.75 -589.092
228.512 2591.77 -589.043
227.965 2591.79 -589.042
227.405 2591.8 -589.02
226.841 2591.82 -588.971
226.258 2591.83 -588.882
225.717 2591.85 -588.874
225.139 2591.86 -588.803
224.583 2591.88 -588.777
224.044 2591.9 -588.794
223.47 2591.91 -588.701
222.934 2591.93 -588.736
219.545 2589.75 -574.304
219.064 2589.75 -574.19
218.579 2589.77 -574.179
218.087 2589.79 -574.177
217.594 2589.81 -574.174
217.106 2589.83 -574.205
216.615 2589.85 -574.205
216.12 2589.87 -574.199
215.632 2589.89 -574.23
215.14 2589.91 -574.209
214.652 2589.93 -574.231
214.162 2589.95 -574.233
213.674 2589.97 -574.246
213.182 2589.99 -574.246
212.692 2590.01 -574.24
212.205 2590.03 -574.257
211.717 2590.05 -574.272
211.226 2590.07 -574.282
210.737 2590.09 -574.266
210.247 2590.11 -574.287
209.759 2590.12 -574.265
209.268 2590.14 -574.272
208.78 2590.16 -574.261
208.294 2590.18 -574.272
207.807 2590.2 -574.28
207.316 2590.22 -574.275
206.829 2590.24 -574.263
206.343 2590.26 -574.279
205.856 2590.28 -574.268
205.366 2590.3 -574.287
204.88 2590.32 -574.292
204.393 2590.33 -574.261
203.906 2590.35 -574.291
203.417 2590.37 -574.271
202.93 2590.39 -574.295
202.443 2590.41 -574.293
201.956 2590.43 -574.314
201.466 2590.45 -574.327
200.98 2590.47 -574.307
200.493 2590.49 -574.317
200.005 2590.51 -574.342
199.515 2590.53 -574.337
199.027 2590.55 -574.333
198.535 2590.57 -574.37
198.048 2590.59 -574.371
197.559 2590.61 -574.383
197.071 2590.63 -574.381
196.579 2590.65 -574.393
196.09 2590.67 -574.406
195.602 2590.69 -574.395
195.112 2590.71 -574.412
194.621 2590.74 -574.438
194.131 2590.76 -574.446
193.628 2590.78 -574.446
193.147 2590.8 -574.456
192.647 2590.81 -574.454
192.154 2590.84 -574.473
191.661 2590.86 -574.491
191.179 2590.88 -574.497
190.677 2590.89 -574.473
190.18 2590.92 -574.516
189.685 2590.94 -574.538
189.192 2590.96 -574.537
188.698 2590.98 -574.543
188.203 2591 -574.552
187.705 2591.02 -574.573
187.213 2591.04 -574.578
186.718 2591.06 -574.578
186.217 2591.09 -574.611
185.726 2591.1 -574.597
185.231 2591.13 -574.607
184.733 2591.14 -574.611
184.24 2591.16 -574.594
183.733 2591.19 -574.669
183.228 2591.21 -574.666
182.618 2591.28 -574.919
177.913 2593.38 -586.966
177.404 2593.42 -587.045
176.846 2593.44 -587.054
176.292 2593.46 -587.071
175.743 2593.48 -587.063
175.184 2593.51 -587.082
174.638 2593.53 -587.056
174.078 2593.55 -587.087
173.523 2593.57 -587.091
172.964 2593.6 -587.093
172.432 2593.6 -586.986
171.897 2593.6 -586.893
171.363 2593.6 -586.749
170.856 2593.58 -586.476
170.371 2593.54 -586.13
171.46 2591.74 -575.134
171.057 2591.71 -574.85
170.563 2591.71 -574.752
170.052 2591.73 -574.735
169.516 2591.76 -574.804
168.533 2591.45 -572.589
167.967 2591.47 -572.613
167.46 2591.49 -572.625
166.99 2591.51 -572.631
166.447 2591.53 -572.622
165.902 2591.55 -572.625
165.42 2591.57 -572.638
164.875 2591.6 -572.69
164.343 2591.62 -572.681
163.826 2591.64 -572.677
163.289 2591.66 -572.679
162.762 2591.69 -572.698
162.215 2591.71 -572.734
161.696 2591.73 -572.719
161.148 2591.75 -572.738
160.616 2591.77 -572.695
Orientation_8:
-0.0214308 -0.157173 0.987339

