         -17.3938988165379         -20.4756254567505          372.375962564016
          -16.891102836271         -20.2160083830144          372.346801442095
         -16.3861056345133         -19.9438854771271          372.327372790319
         -15.8687031536632         -19.6866867850626          372.289130820431
         -15.3257735711006         -19.4331630850669          372.234769258846
         -14.8264486225205         -19.1831997080955          372.199306881113
         -14.3104327725149         -18.9144408012154          372.171574399047
         -13.8037323150869         -18.6611527092831           372.13500897659
         -13.3175888823225         -18.4024065070031          372.113519880124
          -12.813462907614         -18.1467138076252          372.080273987869
         -12.3055963990711         -17.8956702528967          372.041219888345
         -11.8071521101547         -17.6274057623192          372.021826881767
         -11.2826320034704         -17.4064679025594           371.94951614881
         -10.8102716862061         -17.1375865193386          371.943626622351
         -10.3040575012482         -16.8933433729361          371.899791905675
         -9.82196781809592          -16.631500232936          371.883304241088
         -9.32471432235777         -16.3838288175042          371.846998175365
          -8.8362413740077         -16.1344468068623          371.816578288503
          -8.3428929788235         -15.8870077430967          371.781905912887
         -7.88280283135714         -15.6260331553052          371.775646721484
          -7.3977812481029         -15.3749048751374           371.74860357043
         -6.90506414356374         -15.1228516415131          371.717784057469
         -6.44017992893392          -14.870773362604          371.701881572163
         -5.95015965146499         -14.6156712149297          371.675367854003
         -5.47316363551121         -14.3763411373496          371.641786276057
         -5.00922929294625         -14.1189358807932          371.630593212181
         -4.52775316208441         -13.8697890281076          371.603717779547
         -4.04556587664364           -13.63142780706           371.56684211415
         -3.57752760860623         -13.3772319926757          371.550512288681
         -3.10112431727426         -13.1326357628771          371.521989444305
         -2.61919676220809         -12.8946344308931          371.485316668028
         -2.14194297367995         -12.6532578457152          371.453347690451
         -1.66810002642431         -12.4111696271856          371.424145830109
         -1.20156409971198          -12.167103052634          371.399667759372
        -0.733093090557501         -11.9223286389334          371.375401189653
        -0.260279437237926         -11.6835534232973          371.343702456102
          0.19794898947572         -11.4309600165967          371.330761936286
         0.660137453393397         -11.1840821278976          371.311578822113
           1.1333869667093         -10.9498524582369           371.27589636482
           1.5978143282085         -10.7128770651128          371.246711599733
           2.0552690015748         -10.4598629203951          371.234703036074
          2.51813516949806         -10.2236956603667          371.205609908947
          2.93870891262096         -9.93905522163005           371.23889321468
          3.28229311570276          -9.5296866956739          371.417176550278
        -0.492887437275808         -3.09626218099054          378.775919779487
        -0.169118131115567         -2.65138384697104          378.994174883789
         0.142149131568428         -2.19530754256778          379.228033440087
         0.485798784550604         -1.77894883501401          379.411754904826
         0.880691180862939         -1.40359459982692          379.535489967831
          1.29940911324064          -1.0706875914801          379.610908012563
          1.75441735160033        -0.741992316831581          379.664243147454
          2.25597109580524        -0.491035477137863          379.628698746054
           2.7501899170715        -0.227165927265366          379.607843081506
          3.26581505862105       0.00418976834320846          379.548498389135
          3.74683847802546         0.281755712198457          379.545616560449
          4.24953896141436         0.525630398941479          379.503675155623
          4.75884343228912         0.771563305349687          379.459746433235
          5.24220674766692          1.03711729667209          379.445597976296
          12.1571700247839         -5.32734364001677          370.583071219046
          12.6186035512739         -5.11385318461894          370.535406793087
          13.0830480438713         -4.90075154917132          370.486209723612
            13.52918322713         -4.66921946471589          370.461534704743
          13.9858818062353          -4.4479064143619          370.422860848199
          14.4182010522645          -4.1996024102325            370.4196445449
          14.8681221063588         -3.97056662497803          370.390690592131
          15.3244213544232         -3.75718080296148          370.345665201395
          15.7671859222072         -3.51526241285408          370.331575011302
          16.2237416894034         -3.30470474258901          370.284208898326
          16.6700575412767         -3.07488999677144          370.257892676284
          17.1022189456147         -2.84724065421883          370.236628884319
          17.5532454988215         -2.60944032864114          370.215241950952
          17.9995958316777         -2.40522391840015          370.167052711474
          18.4645588862403         -2.18971481363293          370.119266206411
          18.9014000313728         -1.95569076940991          370.101206017685
          19.3461244705683         -1.72887434672189          370.073407676181
          19.7928124268359         -1.51228370156376          370.035855472692
          20.2419384590575         -1.29422658538996          369.998154425637
           20.677408943365         -1.07907855727061           369.96482291035
          21.1329752820406         -0.84903321984029          369.934315491648
          21.5714191337996        -0.621799940688903          369.909785116201
          22.0221306205779        -0.410496423284782          369.865657723411
          22.4599230687931        -0.183486310424991          369.841071354847
          22.9066281050075        0.0396291837932931          369.809243706714
          23.3427313109775         0.248476088338032          369.770242570363
          23.7831609330444         0.481758673481671          369.749589760815
          24.2279635352163         0.712340015064279          369.725046076015
          24.6727295691418         0.929872095021705          369.689053376944
          25.1036229489619          1.16524896978912          369.675173706165
          25.5481688089692          1.36826047116543          369.627234623368
          25.9779112555744          1.60584453855078          369.615799145602
          26.4187120832526          1.82759071422884          369.585726697258
          26.8563634997833          2.04872044153093          369.556402663788
          27.2929664530061          2.28553457682921           369.54063914622
          27.7336276800173           2.4997134132328          369.504012274563
          28.1771461569829          2.73637271209941          369.485082217709
          28.5961678970788          2.97177029937123          369.477183886767
          29.0442025730762          3.18439906868773           369.43550180304
          29.4804466331551          3.40568797185565          369.407008412612
          29.9153621179201          3.63746507488105          369.388368626265
          30.3466324957867          3.86936829593326          369.371162270749
          30.7815477063668          4.10114601373714          369.352523223909
          31.2100207147778          4.33989419013363          369.342701348907
          31.6599586257842          4.54505683248851          369.293735831258
          32.0950533600358            4.768552771377          369.267686007991
          32.5297150844364          5.00147112802319          369.249571983805
          32.9703162015081          5.21184759963346          369.209647143869
          33.4066583492041          5.44830274024389          369.194086725515
          33.8371710798641          5.68227667654006          369.179581134722
          34.2732518093243           5.9118091196624          369.158453826573
          34.7149396577017          6.11786247411194          369.114601671767
          35.1551396123556          6.34583532959047          369.090107565853
          35.5886035550488          6.57393202180128          369.068954814952
           36.021495412801          6.81213253756196          369.056770922312
          36.4532945811275          7.04490424858474          369.040605879343
          36.8932814875001          7.26641973911325          369.010258457418
          37.3342746336063          7.47497342861131          368.968775951405
          37.7699781015188          7.70797777089714          368.950976688916
          38.2111537466599          7.94521195681774          368.933588474116
          38.6450401593162          8.21232245879295           368.94577414837
          37.1501719213781          17.2568495974124          377.397059239456
          37.6274802449923          17.5243633812971          377.388033081011
          38.1054455308678          17.7697674645947          377.359419128087
          38.5849535154925           18.011139818611          377.326804676998
          39.0633742420295           18.256834954607          377.298116271859
          39.5532436853606          18.4783062060624          377.243465135826
          40.0247894567218          18.7486439805497          377.239116238931
          40.5074483639854          18.9955087945479          377.209707019326
           40.991097958664          19.2277610030263          377.167390743381
          41.4704281193678          19.4757271651675          377.140371255479
          41.9651915661969          19.6696943560577          377.059640252571
          42.4668305004364          19.8390196459347          376.954569325663
          42.9875918719962          19.9736458601536          376.810080671266
          43.5429585073301          19.9734779313767          376.534210877358
          46.9507181829787          12.7738682452227          368.703687979571
           47.425889592504          12.7330048468976          368.432658393789
          47.8749218340064          12.8777105603169          368.332841803315
          48.3236268260763          13.0633153228945          368.267571786271
          48.7646027648567          13.2974286169286          368.247915708776
           49.208568121582          13.5197538963961          368.217050361505
          49.6543195380087          13.7367587777882           368.18021018854
          50.0982299635344          13.9650323292193          368.153952060843
          50.5445174276833          14.1671332727979          368.104279813164
          50.9856339463876          14.4136891802335          368.095132221098
           51.432496384914          14.6360852079825          368.062227462705
          51.8762655045706          14.8584789886341           368.03123240961
           52.322338093307          15.0878949916486          368.005073643033
          52.7718747559705          15.3040906502546          367.965770139313
          53.2174084416069          15.5435364909259          367.948489066019
          53.6671639961387          15.7438536634948          367.895394972627
           54.118363201183          15.9570615366007          367.852919989971
            54.56582362234          16.1987534240953          367.836218304202
          55.0110239536181          16.4372625532085          367.818025094773
          55.4654139119428          16.6418015820005          367.766605331251
          55.9169975084185          16.8678495817556          367.734479899546
          56.3633063717622          17.1134357382828          367.722038009935
          56.8197559888652          17.3163510663059          367.668027253836
          57.2722518803375          17.5495445946583          367.641523436126
          57.7260309982332          17.7783478569213          367.611222333121
          58.1785809394633          17.9990304275853          367.574340361656
          58.6334108952117          18.2342970751762          367.548628229223
          59.0857261180699          18.4692079421672          367.523765614685
           59.543271268087          18.6906769542998          367.485275982502
          60.0004599799793          18.9253314929487            367.4579763687
          60.4634557751983          19.1396291870678          367.410220094686
          60.9205309562373          19.3895540543766          367.395769592112
          61.3812261420003          19.6099524384707           367.35471594191
          61.8396670847604          19.8690024726438          367.347629153862
          62.3041717277955          20.1031800989381          367.315928111301
          62.7663559172083          20.3386200619819          367.287021781947
          63.2438227540173          20.5864540121101          367.260906120383
          63.6990737968233           20.815525594379          367.229441569297
          64.1755847818597          21.0589361649936          367.200129611897
          64.6320044612186          21.2988867371746          367.177716033583
           65.101205924994          21.5459639141991          367.154943149616
          65.5692174931676          21.7790087347692          367.121027077425
          66.0442252499855          22.0057269775297          367.077797625252
          66.5217352420065          22.2829238469479           367.07680836891
          66.9955342778267          22.5211718640179          367.044262161466
          67.4675299171565          22.7499656679632          367.004379687036
