         -33.2254553396737         -21.6015014948173          395.503610042572
         -32.4076037375245         -21.4353996299831           395.23679904788
         -31.6711911182429         -21.2890994332451          394.993819774718
         -30.8734208739518         -21.1182572062079          394.741299313213
         -30.1395018871223         -20.9655986219698          394.504841307688
         -29.4085554822378         -20.8243579000332            394.2604262118
         -28.6652783885049         -20.6739590005242          394.017033936082
         -27.9439700312064         -20.5201718746312          393.788392181422
         -27.1725869293905         -20.3684585848704          393.532343595108
         -26.4669472006267         -20.2258455474909          393.301275458838
         -25.7222834461516         -20.0814401114475          393.052411882664
         -24.9932750196867         -19.9242271245348          392.822595864356
         -24.2910056406418         -19.7686579008688          392.604953935767
         -23.6027474988779         -19.6298930426877          392.379155867068
         -22.9170295006129         -19.4834479488285          392.161635410824
         -22.2332801606015         -19.3204013870527          391.960078447201
         -21.5543173057239         -19.1766803790513          391.743516790233
         -20.8414674915894         -19.0329523846416          391.509886038547
         -20.1721843899775         -18.8850497596744          391.301807949064
         -19.4562670129288         -18.7239313283293            391.0820727707
         -18.8063621451098         -18.5865644475783          390.874144310358
         -18.1618300380242         -18.4284288741607          390.688076645427
         -17.4825334275063         -18.2768843756204          390.478035443042
         -16.8097119336303          -18.138455054697          390.260054712109
         -16.1608879403461         -17.9868541616024          390.065363925763
         -15.4942832876205         -17.8510684418916          389.848470687241
         -14.8431250946315         -17.7199573988471          389.635156151927
         -14.1866568633579         -17.5829866098472          389.423961550515
         -13.5356780042484         -17.4302605980601          389.229227460583
         -12.8878172723076         -17.2934451272394          389.022444305703
         -12.2343650156202         -17.1565059594646          388.813300014851
         -11.6216596257572         -17.0230273097581          388.620991502946
         -10.9925606772985         -16.8796759360954          388.429217068052
         -10.4544335064272         -16.7277038904242          388.291146373984
         -9.98336450158907         -16.4475790809046          388.297855160963
         -9.57667671048547         -16.0285833894125          388.459391328334
         -11.5811009605901         -9.74663401354215          394.955968706576
         -11.1685617018208         -9.35113209264693           395.09340969295
         -10.7365273257596         -8.95912758250791          395.218188998402
         -10.2865708193619         -8.59257684737568          395.311513822185
         -9.84383372455476         -8.21713742344864          395.416628260584
         -9.42022314725561         -7.81222100224805          395.557321407626
         -8.92683078824346         -7.49457990820597          395.585989646329
        -0.587698762605481         -14.7602602604971          385.039541011759
       -0.0313724012715194         -14.6637247364517          384.843912194975
         0.556985466216762         -14.5344288246938          384.660423609343
          1.10707133691517         -14.4046835303906          384.496625880854
          1.71361575298115         -14.3057281840797          384.277682418799
          2.25724873143046         -14.1750159250136          384.118253777488
          2.83594623066003         -14.0819940447272          383.908116399445
          3.42683040023379         -13.9700710958956          383.708311144455
          3.97032401956855         -13.8441177198261          383.544637718266
          4.54067290307612         -13.7408331087332          383.347909542621
          5.10418223080142         -13.6269726268409          383.163225909912
          5.64686906817068         -13.5166073640043          382.986776233307
          6.20966916997055         -13.3919151139202          382.811935183868
           6.7752179831505         -13.2978449843885          382.609487067278
          7.30093662617409          -13.186367099271          382.442201158309
          7.85965776325639         -13.0727804441921          382.260424212071
          8.42293156996661         -12.9703498115672            382.0661739295
          8.96904605047009         -12.8700306908563          381.878720101045
          9.48620931787111         -12.7603479236967          381.713910122706
          10.0500844928371         -12.6701792074543          381.509241709408
           10.584249237333         -12.5575832615473          381.338318884989
          11.1285506873643         -12.4461739340543           381.16169814423
          11.6491562746019         -12.3375972180606          380.994509714723
          12.1821122188412         -12.2405672461531          380.810507496114
          12.6987262039664         -12.1209607928147          380.654794829225
          13.2256260776137         -12.0274827666327          380.471135328515
          13.7442939785431         -11.9180265951443          380.305668461031
          14.2573994057805         -11.7902750793089           380.15910772839
          14.7835689992375         -11.7001005387869          379.972952215192
          15.2947725116708         -11.5825358142843          379.818287221732
          15.8047907158677         -11.4665610740822          379.662789288713
          16.3220737154017         -11.3662562656919          379.489884298915
           16.833154588218         -11.2589565371286          379.326077805583
          17.3346851224316         -11.1375290567299          379.179714795695
          17.8402031863663         -11.0269723952034           379.02196667822
          18.3511611546644         -10.9299369841346          378.849017472772
          18.8540123169821         -10.8217522210346          378.690524673069
          19.3597695991799         -10.7149126109281          378.529435498072
          19.8569263407998         -10.6030336108442          378.376469458272
          20.3535945336524         -10.4935193046671          378.222086298918
           20.848623865203         -10.3839857005172          378.068473798517
          21.3458321116112         -10.2744444759025          377.914188145852
          21.8503134691053         -10.1904191526848          377.733359377752
          22.3261074799466         -10.0670747238237          377.601347554655
          22.8178998382396         -9.96412526421826          377.443750299963
          23.3109928915819         -9.85371292180758          377.291858652481
          23.8125337466085         -9.75727604532316          377.123451864889
          24.2923668430665         -9.63210025029557          376.991582359556
          24.7811286636157         -9.53796399474507          376.827499225412
          25.2669584758558            -9.43179038604           376.67562844085
          25.7436389058546         -9.34073233557026          376.515283803042
          26.2317329038295         -9.24714938093603          376.351037766765
          26.6934508606867         -9.12891352211068          376.222061527537
          27.1391419099954         -8.94463744417882          376.158520182614
          27.5478022331804         -8.63659829806182          376.221879556075
          26.6382135650114         -1.27971049261112          383.109007767655
          27.0597154740472        -0.912081284055666          383.217814869469
          27.4626964144178        -0.556670195390784          383.325441433671
          27.8972677002673         -0.24187082328212          383.381685590174
           28.311235818115         0.121211471351835          383.490802758306
          28.7516622958061         0.397317099492585          383.510015967749
          29.2032520651381         0.674681966216369          383.525075861292
          29.6793426025134         0.885901977576485          383.470374410186
          30.1887531389254          1.02393035909488          383.334400692352
          30.7005224777027          1.14110418206966          383.178586515466
           31.206736731353          1.25093792004768          383.020282500138
          31.7275922380307          1.36554372463119          382.857823474086
          32.2230927473712          1.46790950053679          382.697679467905
          36.5612821872294         -7.07824241424147          373.043984781609
          37.0105519884355          -7.0287720111722          372.861117627892
          37.4666935462978          -6.9359690129964          372.712278587063
          37.9092935551406          -6.8131931946041          372.596868465218
          38.3739210072632         -6.74553726144644          372.421628992848
          38.8236102348844         -6.65176688256239          372.277158324259
          39.2812150638122         -6.56760811602129          372.120342143201
          39.7276788654446         -6.47067687485135          371.979957187133
          40.1770710193784         -6.37609990465284          371.836406235173
          40.6240323227939         -6.28750539885644          371.688829006217
          41.0752765294073          -6.1954947765316          371.541825177707
          41.5206206611161         -6.10789137736481          371.394449210566
          41.9672255923644         -6.00625569008536          371.258277361455
          42.4135523048478         -5.92922864468563          371.100741113707
          42.8570547685388         -5.83396783918244          370.960469304792
          43.3029088170975          -5.7647591361298          370.796646292394
          43.7491742148813         -5.67544325591018          370.649625682062
          44.1865769832987         -5.57705892132584          370.515255279561
          44.6324541422937         -5.49381963824141          370.363710182086
          45.0702474578297         -5.40450576065491          370.220956776972
          45.5136374242299         -5.33026536252411          370.062903604239
          45.9483727482043          -5.2342542129918          369.927788742971
          46.3773762911199         -5.15816447073905          369.777943188749
          46.8105788685231         -5.06140268262462          369.644791866803
           47.250688474956         -4.98701855999351           369.48834189922
          47.6896589481408          -4.8814544603994          369.360064970044
          48.1298017670333         -4.81808362656881          369.193819377278
          48.5598677783759         -4.71663186908237          369.066394421512
          48.9937324414181           -4.643615801644          368.911751958573
          49.4190197799159         -4.53729612083986          368.790915180281
          49.8480502038381         -4.47746877364317          368.627532555643
          50.2804608431329         -4.37166878739551          368.502431335966
          50.7106599069007          -4.2897053824466          368.357625404093
           51.138148914382         -4.19867524060907          368.222111461842
           51.563433912625            -4.09224933686          368.101334643613
          51.9859881008853         -4.03044409529891          367.942889508674
          52.4100099129407         -3.92285125500064          367.823847751754
          52.8414313484813         -3.83072237423094          367.687283470359
          53.2596060310314         -3.74892558107708          367.548637369882
          53.6844082447298         -3.65936444263365           367.41288840594
          54.1166663992285         -3.56325271388774          367.279983031537
          54.5324093771405          -3.4723459916004          367.150188884559
          54.9566576497598         -3.39245055547979           367.00633190718
           55.376812240422         -3.29845921368533          366.877703451603
          55.8008375173339         -3.22506292691245          366.727840892098
          56.2300748166194         -3.11844030858311          366.605504565663
          56.6515270079803         -3.02164147242208          366.478162973253
          57.0644705619339         -2.92865871126652          366.352156875525
          57.4941110821474         -2.84116167492545          366.212181829877
          57.9032203669795         -2.74266006040384          366.092518453554
          58.3279685469306         -2.67126239664521          365.941380201593
          58.7438696954675         -2.56140835577177          365.828197214251
          59.1728399748175         -2.48934528522707          365.675300246997
          59.5839685740758         -2.38998081720061          365.555678512892
          60.0112022003005         -2.29443679840969          365.423955111007
          60.4139503152792         -2.21821757695459          365.288378053202
          60.8417783298832         -2.15441951078252           365.12909066429
          61.2642749941653         -2.02589401997513          365.028542399953
          61.6752785764068         -1.97147791783974          364.869694410018
          62.1007029848706         -1.84525317058532          364.766009414881
