         -21.5231578662254         -34.7650138115822          379.309596182743
         -20.9947497225572          -34.504589049453          379.269730917035
          -20.495051752749         -34.2379109566787          379.250397227516
         -19.9632085774436         -33.9840222761268           379.20305350473
           -19.50623952776         -33.7022893404249          379.218070868694
         -18.9644039081865         -33.4514078206873          379.163236086212
         -18.4640513796203         -33.2044989515381          379.125575344308
         -17.9493745635389         -32.9416801677907          379.095222833837
         -17.4463375808035         -32.6886690210596            379.0617039087
          -16.956936757482         -32.4351061008709          379.036043971061
         -16.4624372244646         -32.1625891498157          379.023982273285
         -15.9490176471666         -31.9309906401723          378.966415895641
         -15.4636829418065         -31.6711705964927          378.948220257523
         -14.9753150787209         -31.4112778739142          378.928023516463
         -14.4731890952753          -31.168178254124          378.886366166233
         -13.9936802177482         -30.9048609266531          378.873852630116
         -13.4788410122763         -30.6587441156037          378.828762309948
         -13.0111597109644         -30.4056749059017          378.813240410809
         -12.5166836430525         -30.1592744273003           378.77823758599
         -12.0263888455407          -29.915387275256          378.743509338037
         -11.5410156914847         -29.6646195897096          378.716866201241
         -11.0608198493481         -29.4113771276707          378.695485825374
          -10.584579918783         -29.1602883077244          378.674137204453
         -10.1109543168232         -28.9040076480308          378.658546169484
         -9.62100384682021          -28.663865887532          378.620415331673
         -9.16199666395968          -28.397958801698          378.620779236622
          -8.6763742505428         -28.1612309992478          378.581946055141
         -8.22162854646993         -27.8939724451107          378.585771996336
          -7.7334640212916         -27.6630788108446          378.540166772446
         -7.26780700948103         -27.4216409439236          378.515879981629
         -6.78621065916549         -27.1701443636175          378.491737142402
         -6.32062932058878         -26.9183117823421          378.476373551967
         -5.86777391424031         -26.6735800774178          378.461334359369
         -5.39814427871197         -26.4279647141817          378.438549036613
         -4.94437870713283         -26.1733213180649           378.43164774245
         -4.46760652275988         -25.9376759550125          378.396294663238
         -3.99660866262638         -25.6978515606705          378.367681340852
         -3.53756833119522         -25.4475268314702          378.353863192955
         -3.08530487597226         -25.1958244828292          378.345643738257
         -2.62691218968208         -24.9478011731703           378.33027840134
          -2.1620835298741         -24.7115471773973          378.301976539058
         -1.69196438545798         -24.4775892228343          378.268290327848
         -1.23839379979657         -24.2278523820443          378.257387794713
        -0.766555068097321         -23.9983854181004          378.218649167365
        -0.322830599669505         -23.7447415208911          378.216215112106
         0.150046392390669         -23.5150743608367          378.177747842347
         0.589266662700587         -23.2591374576616          378.179453857372
          1.05458086492076         -23.0230859817899          378.150319887371
          1.45169303517781         -22.7170270362206          378.216726972041
           1.7904496404492         -22.3089377810106          378.402736832602
         -1.80182091578141         -15.7492256768579          385.986457652252
         -1.47806551310424         -15.2877491915614          386.226779586041
         -1.14182909156465           -14.86527355147          386.426830788134
         -0.77580837933934         -14.4664972474658          386.590863268395
        -0.366862675818261         -14.1064703653582          386.698935922728
        0.0917451088224629         -13.8069956128983           386.72894468152
         0.562268509144642         -13.5232101513374           386.73889803498
          1.06166203381614         -13.2709724437717          386.706271189546
          1.54162147876562         -13.0008656015661          386.699796479446
          2.04480463388341          -12.755927349593          386.658891525886
          2.52875934224613         -12.4927196309377          386.643939802309
          3.01542591636173         -12.2279567486949          386.628884752283
          3.54583688662213         -12.0118773595485          386.548839101937
          4.00014622045419         -11.7293383550147          386.565538315664
          10.5290943544618         -18.0446774680226          377.705072773072
          11.0019177907149         -17.8631179410616          377.623873526762
           11.453591671953          -17.642016908958          377.588500572498
          11.8886967891873         -17.3928000394707           377.58628278689
          12.3370769046299         -17.1695294191054          377.554022965881
           12.786190479547          -16.941292832439          377.525856739489
           13.239476597931          -16.726923735257          377.483977780568
          13.6810587978579         -16.4899383800427          377.467687616683
          14.1189601271891          -16.254066299222          377.452242795793
           14.569885215617         -16.0386922991935          377.411634673533
           15.009915280205         -15.8073909563509           377.39139500066
          15.4495436242131         -15.5694794602649          377.376632873467
          15.8977118200129         -15.3531369565429          377.338837757719
          16.3425477322346         -15.1255722631667          377.312601560411
          16.7785558025902         -14.8905370566053           377.29711426685
          17.2196991573891         -14.6575158979224          377.277501060562
          17.6625755386577         -14.4355541620376          377.247057321478
          18.1187487770386         -14.2232753985131          377.201809245118
          18.5600608079035         -14.0004284279276          377.173192429223
          18.9955574427011         -13.7610274486016          377.161729867558
          19.4430452125635         -13.5489690056691          377.120896438348
          19.8788436502067         -13.3110102770767          377.107577614077
          20.3198972369845         -13.0892443945356          377.078106327414
           20.762021214366         -12.8632346214898          377.051971743066
          21.2034885511966         -12.6439936500816          377.020131147713
          21.6442779188278         -12.4102104311448          377.001316214094
          22.0807055307742          -12.181825283278          376.980308807653
          22.5234325704525          -11.958702383612          376.950463717685
          22.9619544701007         -11.7356097056803           376.92356242407
          23.4024602294827         -11.5093964391944            376.8981989551
          23.8406087219216         -11.2855017103113          376.872139161531
          24.2771192869766         -11.0523895635327          376.855254419528
          24.7200867604149         -10.8387992594144          376.817420674058
          25.1481799311195         -10.5884459366511          376.819245445785
          25.5857151582436         -10.3648700713067           376.79312892746
          26.0187138727386          -10.123419007614          376.785335058922
          26.4593886830944         -9.90738082936368          376.750969004646
          26.9006999489875         -9.68453393778508          376.722353375586
          27.3304480340271         -9.44343777411778          376.714960001892
          27.7686601450989         -9.20580302200642          376.701427833252
          28.2097083626634         -8.99056689470717           376.66622027893
          28.6372720552205         -8.73580560082295          376.672111516996
           29.083907755978         -8.53416079066947           376.62196124258
           29.513670954097         -8.28332987072878          376.624071864566
          29.9508514290817         -8.05899202413579          376.598754805744
           30.389583733585         -7.82896950829087          376.577387945099
          30.8192881540454         -7.58534934896514          376.572705993968
          31.2620189567365         -7.36554988974931          376.540893742742
           31.690484700592         -7.11599845368606          376.541876487767
          32.1263362408585         -6.87735806284088          376.529614658143
          32.5715876864331         -6.67194425261941           376.48376056774
          33.0117921021199         -6.44428799951242           376.46025286373
          33.4448344811934           -6.205360931478          376.449747572627
          33.8906445759916         -5.99133680110741          376.411255605625
          34.3246202191435         -5.75357392585945          376.398909233775
          34.7634564115839         -5.51886612306999          376.381622671961
          35.2053744336996         -5.30222930206369          376.347327662532
          35.6474984110806         -5.07621952901712          376.321193078183
          36.0802696718514         -4.83180503784277          376.315610246135
          36.5218645459935         -4.60138819381328          376.293543152426
          36.9543842618333         -4.35152487742744          376.292839743599
          35.7819211751852          4.76977461194473          384.891109170786
          36.2574727300685          5.04033139082333          384.887120600699
          36.7393451433762          5.30226118283243          384.872284427082
          37.2224421076008          5.54852617034624          384.842280279832
          37.7044642360842          5.80032250084169          384.818483226341
           38.191577672837          6.03632591904204          384.777991312853
          38.6719107452511            6.296657019796          384.762312680405
          39.1493223191998          6.55835647899208          384.748905843698
          39.6316462518511          6.81768195634841          384.731615782661
          40.1208037170691          7.03541493254217          384.673843566325
          40.6133771852688          7.25562419459469          384.616997164212
          41.1398450694222          7.37629983003356           384.45503203367
          41.6754484339405          7.45613935532329          384.252885282301
          42.2054109602057          7.49080995476633          384.014061369869
           45.324218411409          0.45798344773744          376.259374008384
          45.7866230077384         0.402639241620415          375.975230669259
          46.2377515934543          0.52188033458799          375.850545572299
          46.6956210382555          0.70355327106467          375.777302430811
          47.1438918656093         0.935236128787309          375.752474159085
          47.5930530883735          1.14865158884538          375.711266926569
          48.0413482458301          1.38682347522614           375.69213219277
          48.4891805338763           1.6145414795364          375.663980189452
          48.9396297419205          1.84565804510396          375.637380532459
          49.3903121096595          2.06071300200707          375.597057301672
          49.8386059429684          2.31851159629606          375.595170654634
          50.3050828665454          2.52183578937782          375.536373560687
          50.7442417168693          2.76239011280096           375.52410769657
           51.197601694285          2.99790693038845          375.499832124951
          51.6531805117382          3.22048034971454          375.463370976762
            52.10510522624          3.45576139316977          375.440366379937
          52.5626481040254          3.67416417252478          375.398567455503
          53.0168418322358          3.90050675617059           375.36640196467
          53.4724441147948          4.14919664795095          375.352881943523
          53.9292604689748          4.36583961167185          375.310756261711
          54.3959787581539          4.60873683533121          375.286170478825
          54.8455182672507          4.84750654333659           375.26710662734
          55.3156990673778          5.07805974737844          375.230405815085
          55.7648193716433          5.30385157765489          375.199613271518
          56.2310372919566          5.52572146960737          375.157208606729
          56.6904042632169          5.76062419089716          375.129718317909
           57.166209366587          5.99713248204362          375.095239317892
          57.6296354566271           6.2388756893896          375.071797237842
          58.0942719789901          6.48049547903137          375.047328220764
          58.5598417654311          6.72095107588738          375.021018122938
           59.028970270848          6.96684710663601          374.998185467752
          59.4959272104879          7.21983770676953          374.982859613771
          59.9719726620524          7.43784036874866          374.932030225139
          60.4492701069373          7.70142280268905          374.920319885903
          60.9129850211099          7.95726432496093           374.90916241732
          61.3852005663095          8.17531421944641           374.85977633161
          61.8631047674169          8.43268658281453          374.842386612005
          62.3365190803649          8.68245959313031          374.821392315934
          62.8138480747904          8.93045975568209          374.795500584031
          63.2890925253814          9.18695738920072          374.779270467322
          63.7716225479891          9.43770909447575          374.753416675951
