                6244.134277               4047.086426               -592.294312
               6243.634277               4047.805908               -592.292114
                6243.18457               4048.454346                -592.28595
               6242.695313               4049.154297               -592.295288
               6242.246094               4049.799316               -592.297913
               6241.800293               4050.443604               -592.286743
               6241.346191                 4051.0979               -592.283813
               6240.903809               4051.730713               -592.291504
               6240.433105                 4052.4104               -592.282959
               6240.001953               4053.031494               -592.280029
               6239.547852               4053.687988               -592.269165
               6239.100586               4054.327393               -592.279114
               6238.668945               4054.942383               -592.294128
               6238.248535                4055.54834               -592.290771
               6237.828125               4056.150146               -592.298218
               6237.405762               4056.746338               -592.328003
               6236.989746               4057.342529               -592.333679
               6236.554199               4057.969971               -592.330322
               6236.143066               4058.556396               -592.343994
               6235.702637               4059.182861               -592.362549
               6235.304688               4059.753906               -592.367493
               6234.905762               4060.314941               -592.401367
               6234.488281               4060.909912               -592.417053
                6234.07666               4061.501465               -592.417542
               6233.676758               4062.068359               -592.441406
               6233.269043               4062.654541               -592.440247
               6232.871094               4063.227539               -592.437073
               6232.469238               4063.804443               -592.439941
               6232.067871               4064.373047               -592.464722
               6231.670898               4064.941895               -592.469788
               6231.270508               4065.515625               -592.473694
               6230.894531               4066.052979               -592.483643
               6230.507324               4066.603271               -592.502136
               6230.170898               4067.067627               -592.556274
               6229.851563               4067.444092               -592.794434
               6229.544922               4067.731445               -593.230835
               6229.620605               4064.573242               -601.931763
               6229.314941               4064.871338               -602.335754
               6228.998535               4065.187988               -602.730103
                6228.67627               4065.526611               -603.086487
               6228.356445               4065.856445               -603.456543
                6228.04248               4066.162354               -603.870117
               6227.703613                4066.55127               -604.151306
               6224.145508               4075.755859               -592.481934
               6223.808105               4076.248535               -592.459167
               6223.446777                4076.76416               -592.470276
               6223.107422               4077.244385               -592.492188
               6222.740723               4077.782959               -592.459106
               6222.404785               4078.256836               -592.484131
               6222.055176               4078.770996               -592.450745
               6221.695313                4079.29248                -592.43866
               6221.360352               4079.767334               -592.457458
               6221.013672               4080.271484               -592.439758
               6220.669434               4080.767578               -592.437317
               6220.337402               4081.244629               -592.436279
               6219.991699               4081.737793                -592.44812
               6219.649414               4082.239502               -592.419678
               6219.327148               4082.700928               -592.424438
               6218.985352               4083.192139               -592.423279
               6218.643066               4083.690186               -592.406189
               6218.311035               4084.172852                -592.39093
               6217.994141               4084.626953               -592.395508
                6217.65332               4085.127686                -592.36261
               6217.326172               4085.596924               -592.366394
               6216.993164               4086.075439                -592.36615
               6216.674316               4086.532715                -592.36853
               6216.350586                4087.00415               -592.352356
               6216.032227               4087.455566               -592.370056
               6215.712402               4087.921875               -592.351074
               6215.394531               4088.377197               -592.355103
                6215.07666               4088.823486                -592.38446
               6214.757813               4089.289795               -592.361389
               6214.442871               4089.736572                -592.37793
               6214.128906               4090.182617                 -592.3927
               6213.813477               4090.638672               -592.385132
               6213.500488               4091.087646               -592.388245
                6213.19043               4091.524658               -592.412415
               6212.879883               4091.967529               -592.421448
               6212.568848               4092.418701               -592.411133
               6212.260254               4092.859619               -592.417786
               6211.950195               4093.303467               -592.421936
               6211.644531                4093.73877               -592.434631
               6211.339355               4094.173828                -592.44458
               6211.035156               4094.607422               -592.454956
               6210.729492               4095.042725               -592.464966
               6210.424316               4095.490479               -592.439575
               6210.128906               4095.903564               -592.472961
               6209.827637               4096.335449               -592.475708
               6209.524414                4096.76709               -592.487732
                6209.21875               4097.209473               -592.479309
                6208.92041               4097.625488               -592.514282
               6208.622559               4098.056641               -592.506226
               6208.324219               4098.482422               -592.514709
               6208.033691               4098.902832               -592.506042
               6207.736328               4099.333496               -592.497437
               6207.449707               4099.734375               -592.528137
               6207.161133               4100.106934               -592.648804
               6206.872559               4100.419434               -592.940308
               6206.130859               4098.044434               -602.748108
               6205.824707               4098.356445               -603.113586
                6205.53125               4098.653809               -603.468201
               6205.226563                4098.98877               -603.761597
               6204.925293               4099.294434               -604.123413
               6204.624023               4099.643066               -604.364807
               6204.315918               4100.001465               -604.605042
               6204.004883               4100.395996                -604.75293
                 6203.6875               4100.836914               -604.796509
               6203.372559               4101.284668               -604.812134
               6203.061523               4101.728027               -604.820251
               6202.741699                4102.18457                 -604.8302
               6202.438477               4102.620117               -604.831116
               6201.408691               4108.405273               -592.562378
               6201.141113               4108.809082               -592.506958
               6200.862305               4109.210449               -592.505859
               6200.585938               4109.592773               -592.547546
               6200.306641               4110.007324               -592.511414
                6200.03125               4110.402344               -592.513428
                6199.75293               4110.806641               -592.500854
               6199.479004               4111.198242                -592.50769
               6199.203613               4111.592773               -592.510864
               6198.930664               4111.986328               -592.506897
               6198.654785               4112.383301               -592.506104
               6198.382813               4112.775391               -592.501404
                6198.10791               4113.166016               -592.514404
               6197.837402               4113.561523               -592.495483
                6197.56543               4113.950684               -592.500977
               6197.296387               4114.347168               -592.472168
               6197.023926               4114.740234               -592.469116
               6196.754883               4115.123047               -592.480347
               6196.483398               4115.516602               -592.469788
                6196.21582               4115.901855               -592.468994
               6195.947266               4116.294922               -592.447449
               6195.680176               4116.675781               -592.456299
               6195.419922               4117.055664               -592.440674
                6195.15332                4117.43457               -592.451172
               6194.886719               4117.824707               -592.430603
               6194.615234               4118.207031                -592.45105
               6194.350586               4118.599609               -592.416077
               6194.084961               4118.974609               -592.433533
               6193.822266               4119.359375               -592.412781
               6193.558594               4119.729004               -592.437805
               6193.300781               4120.111816               -592.401367
               6193.033203               4120.488281               -592.423706
               6192.770996               4120.867676               -592.415649
               6192.508789               4121.242676               -592.420105
               6192.245117               4121.612305               -592.445251
               6191.990723                4121.98877               -592.413086
               6191.727539               4122.356934               -592.440125
               6191.462891               4122.735352               -592.444946
                6191.20752               4123.103516               -592.440002
               6190.947266               4123.476563               -592.443115
               6190.681152               4123.854492               -592.453186
               6190.425781                4124.21875               -592.460571
                6190.16748               4124.593262               -592.451294
               6189.908691               4124.960449               -592.461853
               6189.651855               4125.336426                -592.44397
               6189.385742               4125.709473               -592.468445
               6189.125977               4126.077637               -592.482056
               6188.871582               4126.438477               -592.493164
               6188.608887               4126.816406                -592.49231
               6188.355957               4127.172852               -592.511414
               6188.098633               4127.549316                -592.49115
               6187.839844               4127.909668               -592.523193
               6187.580078               4128.290039               -592.502563
               6187.325684               4128.647949                 -592.5224
               6187.062988               4129.021973               -592.532654
               6186.817383               4129.376953               -592.524658
                6186.55957               4129.757813               -592.493713
               6186.293945               4130.120605               -592.548096
               6186.047363               4130.487793               -592.509521
               6185.780273               4130.853516               -592.560303
