               6159.651367               4049.390381               -591.897278
               6159.180176               4049.075684               -591.897461
               6158.702637               4048.757568               -591.911926
                6158.22168               4048.435303               -591.899902
               6157.723145               4048.100098               -591.866699
               6157.258301               4047.788818               -591.857239
               6156.773926               4047.465332               -591.860474
               6156.302246               4047.149658                -591.85022
                6155.84375               4046.843994               -591.860107
               6155.373047               4046.529297               -591.854492
               6154.901367               4046.213379               -591.840698
               6154.430176               4045.899414               -591.854614
               6153.958008               4045.579346               -591.793152
               6153.505859               4045.279297               -591.824585
               6153.038086               4044.965332               -591.803528
               6152.581543               4044.661133               -591.820129
               6152.119141               4044.351318               -591.809204
               6151.662598               4044.045898               -591.806091
               6151.203125               4043.738281               -591.797302
               6150.763184               4043.446045               -591.826965
               6150.308594                4043.14209               -591.828369
               6149.847656               4042.834229               -591.825439
               6149.407715               4042.540771               -591.841187
               6148.947754               4042.233643               -591.844055
               6148.503418               4041.936279               -591.835571
               6148.062012               4041.642578               -591.858337
                6147.61084                4041.34082               -591.859619
               6147.163086               4041.040771                -591.84668
               6146.719727               4040.745605               -591.862549
               6146.273926                4040.44751               -591.861206
                6145.82666               4040.147461               -591.848267
               6145.381348               4039.849609               -591.842163
               6144.938477               4039.553223               -591.839478
                    6144.5               4039.260742               -591.843506
               6144.060059               4038.966797               -591.847595
               6143.619141               4038.671631               -591.841309
               6143.183594                4038.38208               -591.861389
               6142.747559               4038.091064               -591.872253
               6142.308105               4037.796387               -591.860107
               6141.874023               4037.506104               -591.856873
               6141.438965               4037.216797               -591.878113
               6141.006348                4036.92749               -591.874878
               6140.586426               4036.652588               -591.959167
               6140.175781               4036.397461               -592.248474
                    6140.5               4037.324219               -602.680542
               6140.090332                4037.07373               -603.026672
               6139.685547               4036.828125               -603.394653
               6139.271973               4036.572021               -603.692261
               6138.836426               4036.295166                -603.90625
               6138.399414               4036.012939                -604.05188
               6137.937012               4035.712158                -604.16864
               6137.470215               4035.399414               -604.159119
               6137.003906               4035.088379                -604.17041
                6136.53418               4034.771484                -604.12738
               6136.072266               4034.465332               -604.164001
               6135.607422               4034.153076               -604.145081
               6135.136719               4033.837158               -604.124146
               6134.677734               4033.531738               -604.144409
               6132.006348               4030.905518               -591.781799
               6131.583496                4030.62085               -591.751282
               6131.158691               4030.334473               -591.718567
               6130.740234               4030.054932               -591.720337
               6130.317871               4029.771484               -591.702576
                6129.90332               4029.496338               -591.734314
                6129.48291               4029.215332               -591.730347
               6129.063965                4028.93335               -591.703125
               6128.644043               4028.653809               -591.720032
               6128.226074                4028.37207                -591.68927
               6127.808105               4028.092773               -591.688721
               6127.401367               4027.821533               -591.694458
               6126.977051               4027.538086               -591.701172
               6126.568848               4027.263184               -591.668701
               6126.142578               4026.976318               -591.638367
                6125.72998               4026.701416               -591.649109
               6125.314453                4026.42334               -591.646057
               6124.901367               4026.145996               -591.628967
                6124.48584               4025.867188                  -591.612
               6124.081543               4025.596191                -591.60022
               6123.656738               4025.311768               -591.594177
               6123.245605               4025.037109                -591.59552
               6122.831543               4024.758545               -591.569214
               6122.420898               4024.484375               -591.570557
               6122.005371               4024.205811               -591.561707
               6121.603027               4023.935547               -591.541687
               6121.187988               4023.658936               -591.549072
               6120.770996               4023.380127                -591.55072
               6120.358887                4023.10376               -591.535889
               6119.950195               4022.831787               -591.552185
               6119.543945               4022.557861               -591.519653
               6119.135254               4022.286133               -591.539429
               6118.724609               4022.010986               -591.532654
               6118.316406               4021.737793               -591.526917
               6117.902832               4021.462646               -591.541138
               6117.495117               4021.188965               -591.524902
                6117.07666               4020.909912                -591.53479
               6116.676758               4020.644287               -591.558777
                6116.26416               4020.366943               -591.535828
               6115.856934               4020.094482               -591.531189
               6115.446777               4019.820801               -591.540649
               6115.039063               4019.549316               -591.552246
               6114.628906               4019.275635               -591.561707
               6114.220703               4019.004395                -591.58374
                6113.80957               4018.727295               -591.550293
               6113.402344               4018.455078               -591.549133
               6112.991699               4018.181641               -591.559753
               6112.585449               4017.908691               -591.538757
               6112.172363               4017.633545               -591.552979
               6111.764648               4017.361816               -591.568054
               6111.354492               4017.087891               -591.573975
               6110.949219               4016.814941               -591.547119
               6110.536621               4016.539063               -591.548462
               6110.128906               4016.266846               -591.554199
               6109.717773               4015.993164               -591.572937
                6109.30957               4015.720947               -591.585693
               6108.899414               4015.446533               -591.578796
               6108.493652               4015.173584                -591.55542
                6108.08252                4014.89917                -591.56604
               6107.665527               4014.621338               -591.578064
               6107.242676               4014.342041               -591.632324
               6104.881836               4013.593994               -603.852356
               6104.426758                4013.29126               -603.879272
               6103.979492               4012.992188                -603.87793
               6103.532715               4012.692871               -603.870728
               6103.084961               4012.393555               -603.869385
               6102.638184               4012.092041               -603.830811
               6102.186035               4011.792236               -603.864502
               6101.734863               4011.490234               -603.862183
               6101.288574               4011.190186               -603.841064
               6100.839355               4010.889893               -603.842102
               6100.399414               4010.590576               -603.765991
               6099.963867               4010.291748               -603.654846
               6099.527344                4009.98877               -603.487976
               6099.117188               4009.689941               -603.131592
               6099.357422               4009.093018               -591.980347
               6099.021973               4008.844482               -591.624512
               6098.634766               4008.578125               -591.516541
               6098.231934               4008.305176               -591.459351
               6097.816406               4008.027832               -591.467834
                6097.40332               4007.750732               -591.459961
               6096.990723               4007.473877               -591.443909
               6096.575195               4007.196045               -591.443115
               6096.167969               4006.921387               -591.408264
               6095.747559               4006.641846               -591.432129
               6095.332031               4006.363525               -591.421997
               6094.918945                4006.08667               -591.414124
               6094.501465               4005.807373               -591.413513
               6094.086426               4005.528564               -591.394104
               6093.665527               4005.247803               -591.406372
               6093.256348                4004.97168               -591.366943
               6092.841309               4004.692383               -591.342896
               6092.417969                 4004.4104               -591.356445
               6091.997559               4004.130127               -591.367554
               6091.583496               4003.850586               -591.330688
               6091.163086               4003.569092               -591.322083
               6090.739258               4003.286865               -591.341492
               6090.324219               4003.006592               -591.301147
               6089.900391               4002.723389               -591.300842
               6089.477539               4002.439941               -591.294678
               6089.058594               4002.158691               -591.278992
               6088.632324               4001.873779               -591.279907
               6088.208008               4001.590332               -591.281921
               6087.785156               4001.306152                -591.26416
               6087.357422                4001.02002               -591.262878
               6086.933105               4000.734375               -591.232361
               6086.499512               4000.445801                   -591.25
               6086.074707               4000.160156               -591.228821
               6085.636719               3999.869141               -591.257141
               6085.203613               3999.579346               -591.250305
               6084.771973               3999.290283               -591.246948
               6084.324219               3998.990967               -591.249084
               6083.899902               3998.707031               -591.241821
                6083.45459               3998.408936               -591.239136
               6083.025391               3998.122314               -591.244934
               6082.583984               3997.827637               -591.251343
               6082.148926               3997.535889               -591.241211
               6081.710938               3997.241699               -591.218384
               6081.251953               3996.937256               -591.257141
               6080.810547               3996.641602               -591.249634
               6080.374023               3996.348633               -591.231384
