               6223.873535               4079.975342               -592.519348
               6223.496582               4080.429443               -592.501343
               6223.133789               4080.864746               -592.510376
               6222.756836               4081.319336               -592.481873
               6222.414063               4081.729004               -592.537537
               6222.032227               4082.189697                -592.49884
               6221.675293               4082.619873               -592.482056
               6221.305176               4083.064697               -592.476379
               6220.944824               4083.498535               -592.465637
               6220.591797               4083.922607               -592.464844
               6220.230469               4084.356201               -592.484314
               6219.870605               4084.791016               -592.439758
               6219.518066               4085.214111               -592.449463
               6219.164063               4085.639648               -592.456909
               6218.807129               4086.069824               -592.434326
               6218.457031                4086.48999               -592.452026
               6218.091797               4086.929932               -592.425171
               6217.751465               4087.338623               -592.437683
               6217.397949               4087.764404               -592.424194
               6217.047363               4088.186279               -592.410522
               6216.697754               4088.606934               -592.408447
               6216.350098               4089.024414               -592.413208
               6216.005371               4089.438477               -592.417786
               6215.660645               4089.852295               -592.430542
               6215.311523               4090.272949                -592.41217
               6214.972168               4090.679199               -592.446716
               6214.626465               4091.095703               -592.426941
               6214.289063               4091.499268               -592.466064
               6213.943848               4091.916016               -592.437012
                6213.60791                4092.31958               -592.436462
               6213.260254               4092.737793               -592.437744
               6212.921387               4093.144531               -592.450195
               6212.591797               4093.540039               -592.462097
               6212.252441               4093.947754               -592.464111
               6211.919434               4094.346924               -592.487854
               6211.579102               4094.756836               -592.472473
               6211.240723               4095.163818               -592.466248
                6210.90625               4095.565674               -592.480774
               6210.574707               4095.962646               -592.502136
               6210.241211               4096.363281               -592.514282
               6209.907227               4096.764648               -592.507813
               6209.571289               4097.169434               -592.494507
               6209.239746               4097.566895               -592.512329
               6208.904297                4097.97168               -592.492065
               6208.577148               4098.363281               -592.521301
               6208.240723               4098.768555               -592.501038
               6207.915527               4099.157715               -592.536011
               6207.581543                4099.55957               -592.528687
               6207.265625               4099.934082               -592.654053
               6206.952148               4100.297363               -592.946716
               6207.031738               4099.701172               -603.580872
               6206.710938               4100.069824               -603.950623
               6206.394531               4100.435547               -604.263184
               6206.068359                4100.81543               -604.526245
               6205.729492               4101.214355               -604.712158
               6205.380371               4101.630371               -604.789307
               6205.029297               4102.050293               -604.838684
               6204.671387               4102.481445               -604.829163
               6204.318848               4102.903809               -604.855347
               6203.960938               4103.335449               -604.834167
               6203.608398               4103.758789               -604.848755
               6203.253906                4104.18457               -604.863464
                6202.88916               4104.626953               -604.788025
               6202.547852               4105.035156               -604.846191
               6200.731445               4107.794922               -592.594543
               6200.409668               4108.186035               -592.513245
               6200.087891                4108.57373               -592.495972
                6199.76709               4108.958008               -592.525085
               6199.446777               4109.344238                -592.51239
               6199.124512               4109.732422               -592.505554
               6198.803711               4110.119141               -592.478882
                6198.48291               4110.504395               -592.488281
               6198.164551               4110.886719               -592.498657
               6197.845215               4111.272461               -592.474243
               6197.526855               4111.654785               -592.477661
               6197.207031               4112.039063               -592.489319
               6196.888672               4112.422852               -592.468323
               6196.568848               4112.807617               -592.463684
               6196.251953               4113.188477                -592.47406
               6195.932617               4113.572266               -592.478699
               6195.615723               4113.954102               -592.468079
               6195.293945               4114.342285               -592.436829
               6194.977539               4114.723145               -592.428528
               6194.659668                4115.10498               -592.444702
               6194.342773               4115.486816               -592.419006
               6194.025391               4115.868652               -592.432861
               6193.709473               4116.249023                -592.42334
               6193.391602               4116.631348               -592.418579
               6193.076172                4117.01123                -592.40564
               6192.756836                4117.39502               -592.411438
               6192.441406               4117.773926               -592.413513
               6192.124512                4118.15625               -592.404114
                6191.80957               4118.535156                -592.39801
               6191.492676               4118.916504               -592.394409
               6191.177734                4119.29541               -592.389526
                6190.86084               4119.675781               -592.397522
               6190.546387               4120.055176               -592.376282
               6190.229492               4120.435059               -592.411072
               6189.915039               4120.813477               -592.406128
               6189.597656               4121.193848               -592.426941
               6189.283691               4121.572266                 -592.4104
               6188.967285               4121.953125                 -592.4021
               6188.652344               4122.331543                -592.42395
               6188.333008               4122.714355               -592.436707
               6188.019043               4123.092773               -592.418945
               6187.701172               4123.473633               -592.459595
               6187.388184               4123.852051               -592.420898
               6187.069824                4124.23291               -592.455688
               6186.755371               4124.611328               -592.451904
               6186.438477               4124.992676               -592.454102
               6186.122559               4125.371582               -592.479492
               6185.806152               4125.752441               -592.466553
               6185.489258               4126.132324               -592.500122
               6185.171387                4126.51416               -592.515137
                6184.85791               4126.892578                 -592.4823
               6184.540527               4127.273926               -592.481018
               6184.224121               4127.653809               -592.498291
               6183.907715               4128.035156               -592.476013
               6183.591309               4128.415527               -592.490967
               6183.272949                4128.79834               -592.499023
               6182.958008               4129.177734               -592.482544
               6182.640137               4129.560059               -592.477783
               6182.322266               4129.941406               -592.502136
               6182.003418               4130.324707               -592.503235
               6181.684082                4130.70752               -592.534607
               6179.631836               4132.602539               -604.810608
               6179.281738               4133.021973               -604.840149
               6178.930664               4133.443359               -604.854614
               6178.583984               4133.861328               -604.847961
                6178.23584               4134.279785               -604.849548
               6177.889648               4134.697266               -604.827698
               6177.540039               4135.117188               -604.841003
               6177.191895               4135.535645               -604.857666
               6176.841309               4135.956543               -604.868591
               6176.499512               4136.370117               -604.822205
               6176.154785               4136.786621               -604.777039
               6175.820801               4137.197754               -604.583679
               6175.493652               4137.603027               -604.333008
               6175.183105               4137.990723               -604.029114
               6175.510742               4138.106445               -593.111145
               6175.265625               4138.419434               -592.737549
               6174.974609               4138.776367                -592.59198
               6174.661133               4139.156738               -592.520813
               6174.338379                4139.54541               -592.518799
               6174.020508               4139.929199               -592.493225
               6173.695801               4140.319824                -592.49939
               6173.374512               4140.707031               -592.492615
               6173.050781               4141.097168               -592.488342
               6172.731445               4141.482422               -592.463989
               6172.400879               4141.878906               -592.494934
               6172.076172               4142.271973               -592.445313
               6171.755859               4142.656738               -592.460571
               6171.429199               4143.050293                 -592.4599
                6171.10498               4143.441406                -592.44165
               6170.778809               4143.833496               -592.442139
               6170.455078               4144.225098                -592.41687
               6170.130371               4144.616211                -592.40448
                6169.79834               4145.015137               -592.419189
               6169.475098               4145.405273               -592.392761
               6169.138672               4145.810547               -592.392639
               6168.812988               4146.202148               -592.398865
               6168.478027               4146.605957               -592.381226
               6168.156738               4146.993652               -592.370972
                6167.82666                4147.39209                -592.34491
               6167.496582               4147.789551               -592.339783
               6167.156738               4148.199219               -592.325867
               6166.822266               4148.601563               -592.326782
               6166.487305               4149.004883               -592.326538
               6166.152344               4149.408691               -592.323975
               6165.813477               4149.816406               -592.326294
               6165.473633               4150.224609               -592.339111
                6165.13916               4150.628906               -592.301697
               6164.790527               4151.047852               -592.320801
                6164.45166                4151.45459               -592.339355
               6164.119629               4151.856445               -592.304138
               6163.772461               4152.273926               -592.315063
               6163.429688               4152.685547               -592.319885
               6163.085938               4153.100098                -592.31897
               6162.740234               4153.515137               -592.330933
               6162.392578               4153.934082               -592.330261
