         -138.841173605297         -405.905715396466          21.8806519999999
         -138.889939562308         -405.317563065988                 21.898657
         -138.937870590645         -404.752930371947                 21.889624
         -138.986356372446         -404.164377263661                 21.918127
         -139.032566991479         -403.632225237976          21.8624629999999
         -139.081558067177         -403.035872451743                  21.90116
         -139.127624680662          -402.47879872372                 21.917944
         -139.176103251884         -401.902166420777                 21.923621
         -139.222873049255          -401.34013300522                 21.934363
          -139.26923485824         -400.790300570218                 21.935156
         -139.316944373181          -400.22790792926          21.9156859999999
         -139.362754434864         -399.665353379932                 21.960242
         -139.409276063097         -399.116601283214          21.9505369999999
         -139.455598408799          -398.56500894945                 21.943091
         -139.501665022286         -398.007935221426          21.9656739999999
         -139.547864226321         -397.462982277856          21.9479739999999
         -139.595137925048         -396.893148937722                 21.974829
         -139.639907710859           -396.3631962323                 21.962317
         -139.685691116799         -395.811682948727          21.9758059999999
         -139.731311098203         -395.265049729541                 21.989478
          -139.77682934922         -394.719976183375                 21.991553
         -139.822566081298         -394.178623806383          21.9867919999999
         -139.867860033215         -393.641750143015                 21.982214
         -139.913293539629           -393.1050778513                 21.969458
         -139.958413224966         -392.560284154021                  21.98783
         -140.003780858985         -392.032891836757          21.9532839999999
         -140.048476143107         -391.493458358187          21.9730589999999
         -140.093781510022         -390.969385612705                 21.933936
         -140.137937034795          -390.43003175728                 21.962988
         -140.182043100004         -389.906798638153                 21.963538
         -140.227359855743         -389.364845504243                 21.962256
         -140.272047929285         -388.837332831016                 21.949805
         -140.315566988327         -388.324339422029                 21.937903
          -140.36009606221         -387.795745837561                 21.935889
          -140.40431748555         -387.277793313997                 21.912146
         -140.448387692766         -386.746839893437          21.9275269999999
         -140.492536006959         -386.219406843355                 21.933752
         -140.536419985815         -385.698412957724                 21.919226
         -140.580700890559         -385.183100692095                 21.897864
         -140.624483711983          -384.66366729907                 21.885718
         -140.668247088244         -384.143354366458          21.8921869999999
           -140.7116530019         -383.619119712606                 21.905493
         -140.755653731431         -383.103406669169                 21.887671
         -140.798659440237         -382.579453010115                 21.907935
         -140.842416425504          -382.07106030989                 21.878699
          -140.88594187554         -381.546146668516                 21.898962
         -140.929496792574         -381.040873560961          21.8639889999999
         -140.972980566579         -380.520160670128                 21.871313
         -141.017324011232         -380.032208746488                 21.745947
         -141.066101707776         -379.554860183267          21.4532839999999
          -141.34246169538         -380.089091812648                 10.819128
         -141.394163880309          -379.60314549753                 10.449377
         -141.443943808159         -379.122116744583                 10.136816
         -141.493613949281         -378.623887736642          9.87375499999996
           -141.5427785237         -378.102778492879          9.68784199999993
         -141.590554756796         -377.561786610824          9.61069299999997
         -141.637693678401         -377.016474441851          9.56131600000003
         -141.684001003815         -376.458041592874          9.57083699999998
         -141.730941462477           -375.9098886139          9.54465299999993
         -141.776969185636         -375.351055806703                  9.565833
         -141.823351259371         -374.802102338332          9.55124499999999
         -141.869934581753         -374.250029850246          9.53653599999996
         -141.915409738024         -373.678475501678          9.61197500000003
         -141.961259042532         -373.148363549965                  9.553809
         -141.868738779369         -369.845776266439          21.8054569999999
          -141.90837254812         -369.340861441075                 21.886755
         -141.949964678575         -368.838747962429          21.9040279999999
         -141.992714681337         -368.339994215427                 21.874915
         -142.033946316854         -367.839920237798                  21.88761
         -142.075658230318         -367.337126379088                 21.894446
         -142.117009648844         -366.836372021395                 21.921118
         -142.159200447094         -366.336818357952          21.9117189999999
         -142.201068574516         -365.841065240197                 21.901343
         -142.241779076261         -365.341950998258                 21.925757
         -142.283648023269         -364.846197307547                 21.922339
         -142.325597290003         -364.348003338013                 21.910681
         -142.366626037701          -363.85104952601          21.9316769999999
         -142.408296275134         -363.352456417841                 21.936316
         -142.449803334663         -362.858741981518                  21.92594
         -142.491632818388         -362.361228392047                 21.921301
         -142.532579853817         -361.866714612237                 21.931921
         -142.573893201602         -361.364200602415                 21.963171
         -142.614999483323         -360.870766341303          21.9714719999999
         -142.656747827736         -360.375693603612                 21.955298
         -142.697695682751         -359.881179250847                 21.980994
         -142.739042676401         -359.386385868781                 21.967139
         -142.780029175113         -358.893631987732          21.9766599999999
         -142.821496771359         -358.398157652648                 21.981421
         -142.862363487061         -357.906084151663                  21.99436
         -142.904192397832         -357.408569742605                 21.988562
         -142.945618318047         -356.917296158062                 21.986487
         -142.986285751219         -356.422382420031          21.9958859999999
         -143.027311713214         -355.931388437744                  22.00199
           -143.0685383509         -355.437274616155                 22.005591
         -143.109564312894         -354.946280633868          22.0104739999999
         -143.151350728047         -354.452967548307                 22.002478
         -143.191695737023         -353.961852963424                 22.023718
         -143.233762574018         -353.468939263128                 21.988928
         -143.274667360462         -352.978625414274                 21.993872
         -143.316854553423         -352.485032153501          21.9730589999999
         -143.357359381646         -351.994997906901                   21.9896
         -143.398466236322         -351.501564465376                   21.9979
         -143.439770980986         -351.010971014265                  21.97605
          -143.48216024218         -350.514258160822                 21.963293
         -143.522665070402         -350.024223914223                 21.981055
         -143.564972046372         -349.529950273388          21.9404049999999
         -143.604676138566         -349.040475804257                 21.979102
         -143.647384465299         -348.545922807795                 21.944312
         -143.688289251742          -348.05560895894                 21.948096
         -143.729515889428         -347.561495137351          21.9458979999999
         -143.771341767863         -347.069941950552          21.9205079999999
         -143.812449442127         -346.576507936071                 21.933447
         -143.854515459536          -346.08359480873          21.8998779999999
         -143.896263230993         -345.588521251453                 21.884863
         -143.936368100995          -345.09876660711                   21.9177
         -143.977995516488          -344.60437261031                 21.918982
         -144.019661575676         -344.111739085226                 21.901709
         -144.060488828096          -343.61790568548                 21.923987
         -144.101875285029         -343.124872202175                 21.909033
         -144.143464056825         -342.628717733658                 21.900977
         -144.184209596978         -342.137324366105                 21.917456
         -144.225677193222          -341.64185003102          21.9222169999999
         -144.267705139892          -341.14717725155                 21.897864
         -144.309414267653         -340.650343222557                 21.896765
         -144.351802955891         -340.153629549527          21.8653929999999
         -144.948034658043         -337.424652009819          9.58939199999998
         -144.994653265463          -336.88029900358          9.55985099999998
         -145.040953380298         -336.333786959945          9.54538600000001
         -145.085610020724         -335.792593009658          9.55203899999992
         -145.131186933556         -335.250160294383          9.55045199999995
         -145.175723218016         -334.709645904573          9.57230199999992
         -145.221661445372         -334.165173115324          9.55899699999998
         -145.267238358204         -333.622740400048          9.54233399999998
         -145.313418117075          -333.07690791689          9.53140899999994
         -145.356590855706         -332.542113790777          9.57779499999992
         -145.400486223387         -332.003239516719          9.62296100000003
         -145.438654116791         -331.474922502174          9.81632100000002
         -145.474577655241         -330.955324415077                 10.066992
         -145.506965256145          -330.45964440647          10.3708859999999
          -145.17213483841         -330.552521617952                 21.288855
         -145.193700675737         -330.155558933975                 21.662451
         -145.227706760656         -329.696282258175          21.8080199999999
         -145.266691829091         -329.204927534319                 21.879187
         -145.308524918106         -328.701453542177                 21.881201
         -145.349153707583          -328.20477933243          21.9067749999999
         -145.391468467087         -327.698585705838                  21.90061
         -145.432940241577         -327.197151787669                 21.907385
         -145.474734686896          -326.69191732381                 21.911658
         -145.515724790897         -326.193203040091                 21.936011
         -145.559484561869          -325.67885051015                 21.905066
          -145.60040016418         -325.170655453282          21.9546869999999
         -145.642471179422         -324.671782169901                 21.939429
         -145.684707831946         -324.162068172832                   21.9401
         -145.726343030974         -323.655754190276                  21.95835
         -145.769018285415         -323.147521062666                 21.957861
         -145.809973351011         -322.641085904559                  21.98313
         -145.852008508258         -322.134492319747          21.9955199999999
         -145.895569816286         -321.617298979805                 21.980811
         -145.936964056753         -321.112345510744                 22.007239
         -145.980490326374         -320.587431296416          22.0073609999999
         -146.023046617394         -320.079877975914                 22.001135
         -146.066211572491         -319.557003835558                 22.018774
         -146.107403744725         -319.055169959168          22.0290279999999
          -146.14964400254         -318.539495559427                  22.05509
         -146.192444037822         -318.024621895715                 22.060217
         -146.236254087945         -317.494148056522                 22.074133
         -146.279857644958         -316.972754785626                 22.073218
         -146.323302775267         -316.450281423077          22.0734619999999
         -146.366468303319         -315.927408102307                 22.076025
         -146.410596599394         -315.399094693051                 22.073706
          -146.45524602924         -314.869821548106                 22.060889
          -146.49773142386         -314.346827051785                 22.098303
         -146.543428939287         -313.803713383491                 22.079199
         -146.588117012829         -313.276200710262                 22.060645
         -146.630000134364          -312.75660680141                 22.095862
         -146.675336335267         -312.215533207088                 22.084937
          -146.72042797232         -311.681780528933                 22.080115
         -146.764641585952         -311.145066684812          22.0810299999999
         -146.810177069385         -310.606833327535                 22.069067
         -146.855074421739         -310.064280256295                 22.069739
